2442111.839 0.164036
2442168.818 0.167932
2442169.841 0.161504
2442170.827 0.173483
2442260.825 0.159946
2442261.811 0.170269
2442262.834 0.157511
2442263.820 0.159362
2442284.822 0.159557
2442285.845 0.158290
2442286.831 0.164816
2442350.823 0.162965
2442351.845 0.160530
2442381.832 0.160336
2442383.841 0.167153
2442439.871 0.153129
2442441.806 0.156537
2442468.835 0.165789
2442469.821 0.166082
2442470.844 0.162381
2442471.830 0.169588
2442496.850 0.165789
2442498.858 0.158388
2442499.808 0.163257
2442558.869 0.160336
2442560.805 0.168029
2442591.851 0.163452
2442614.862 0.161894
2442615.848 0.165595
2442616.834 0.168322
2442617.857 0.163257
2442645.835 0.162089
2442646.821 0.169003
2442647.844 0.170951
2442648.830 0.169003
2442676.845 0.168711
2442677.867 0.159946
2442678.854 0.161504
2442679.803 0.159264
2442703.837 0.162283
2442704.823 0.167348
2442705.846 0.166179
2442732.838 0.162868
2442733.860 0.159362
2442764.833 0.160725
2442765.820 0.160530
2442766.842 0.169101
2442793.834 0.166276
2442794.857 0.158875
2442795.843 0.158485
2442820.826 0.157317
2442821.812 0.157024
2442822.835 0.160628
2442849.827 0.160628
2442850.850 0.160336
2442851.836 0.159557
2442852.822 0.156537
2442886.827 0.160043
2442911.847 0.166666
2442912.833 0.158290
2442913.855 0.161894
2442914.842 0.163939
2442941.834 0.157317
2442974.852 0.157511
2443061.818 0.154687
2443063.827 0.153129
2443103.208 0.163954
2443104.208 0.164515
2443112.208 0.166251
2443112.844 0.159654
2443113.830 0.163647
2443114.853 0.156537
2443117.208 0.169147
2443120.208 0.168888
2443132.208 0.167100
2443135.208 0.167055
2443147.835 0.164913
2443150.208 0.165162
2443160.208 0.165782
2443169.208 0.168344
2443170.208 0.167727
2443171.208 0.164110
2443173.840 0.159946
2443174.827 0.165595
2443175.208 0.165716
2443175.849 0.157609
2443176.208 0.164188
2443176.835 0.161894
2443177.858 0.159459
2443178.208 0.162997
2443179.208 0.164928
2443181.208 0.167455
2443183.208 0.169589
2443184.208 0.164805
2443186.208 0.165017
2443187.208 0.160859
2443189.208 0.164771
2443190.208 0.165465
2443192.208 0.164569
2443194.208 0.165553
2443198.208 0.164415
2443203.208 0.163714
2443204.814 0.158680
2443205.208 0.165711
2443205.836 0.160336
2443206.822 0.163452
2443207.845 0.159946
2443209.208 0.166547
2443214.208 0.166549
2443223.208 0.164022
2443224.208 0.163960
2443236.208 0.165235
2443238.855 0.161602
2443240.208 0.166576
2443240.827 0.168029
2443245.208 0.164033
2443246.208 0.166414
2443265.208 0.169077
2443270.208 0.168303
2443271.208 0.167023
2443273.208 0.167569
2443274.208 0.166064
2443298.865 0.169880
2443490.208 0.168452
2443517.208 0.167617
2443564.208 0.176004
2443582.208 0.170940
2443585.208 0.172689
2443606.208 0.178626
2443625.208 0.172469
2443627.208 0.173427
2443709.208 0.173889
2443754.208 0.171763
2443756.208 0.171907
2443783.208 0.172703
2443790.208 0.172475
2443796.208 0.176697
2443811.208 0.177933
2443812.208 0.177756
2443830.208 0.173816
2443831.208 0.170270
2443832.208 0.170299
2443887.208 0.175952
2443958.208 0.171759
2443979.208 0.181734
2443981.208 0.177755
2443994.208 0.179423
2444007.208 0.178232
2444008.208 0.177218
2444064.208 0.180669
2444113.208 0.179765
2444117.208 0.179898
2444291.208 0.169513
2444293.208 0.171540
2444296.208 0.179224
2444325.208 0.183032
2444348.208 0.175699
2444349.208 0.178331
2444479.208 0.178045
2444480.208 0.175758
2444550.208 0.183570
2444551.208 0.183101
2444576.208 0.181348
2444577.208 0.180814
2444578.208 0.187228
2444579.208 0.177635
2444585.208 0.178787
2444591.208 0.181999
2444595.208 0.179992
2444601.208 0.177940
2444605.208 0.180571
2444607.208 0.178717
2444626.208 0.176065
2444627.208 0.177499
2444632.208 0.178481
2444636.208 0.174686
2444637.208 0.177491
2444641.208 0.177360
2444643.208 0.176803
2444644.208 0.178115
2444647.208 0.175704
2444648.208 0.174603
2444660.208 0.178283
2444672.208 0.176024
2444679.208 0.178109
2444681.208 0.176120
2444682.208 0.174333
2444686.208 0.178790
2444687.208 0.175683
2444694.208 0.179524
2444695.208 0.179105
2444696.208 0.181240
2444700.208 0.178555
2444706.208 0.181455
2444714.208 0.177663
2444723.208 0.179033
2444728.208 0.178517
2444729.208 0.179155
2444731.208 0.180793
2444732.208 0.179932
2444733.208 0.179672
2444734.208 0.175872
2444739.208 0.176768
2444740.208 0.178119
2444741.208 0.182668
2444743.208 0.176286
2444749.208 0.175820
2444757.208 0.174186
2444758.208 0.173692
2444762.208 0.177177
2444763.208 0.176034
2444764.208 0.175599
2444765.208 0.171607
2444767.208 0.175042
2444768.208 0.174887
2444769.208 0.177714
2444776.208 0.177903
2444804.208 0.175183
2444805.208 0.177623
2444867.208 0.180909
2444868.208 0.179813
2444882.208 0.183499
2444896.208 0.185025
2444903.208 0.178833
2444910.208 0.181668
2444911.208 0.182100
2444926.208 0.180357
2444947.208 0.187542
2444954.208 0.178664
2444995.208 0.178397
2445021.208 0.176678
2445029.208 0.186072
2445030.208 0.186020
2445049.208 0.177304
2445050.208 0.179031
2445052.208 0.177634
2445056.208 0.181070
2445057.208 0.184246
2445064.208 0.176021
2445065.208 0.174018
2445068.208 0.175848
2445070.208 0.178265
2445080.208 0.172638
2445085.208 0.177770
2445088.208 0.173591
2445093.208 0.172980
2445096.208 0.173232
2445107.208 0.173601
2445108.208 0.177903
2445109.208 0.176981
2445110.208 0.176139
2445111.208 0.176875
2445113.208 0.175387
2445114.208 0.173609
2445115.208 0.173530
2445116.208 0.176106
2445118.208 0.171421
2445119.208 0.173250
2445122.208 0.172025
2445123.208 0.174402
2445124.208 0.171253
2445125.208 0.173230
2445126.208 0.172427
2445127.208 0.173225
2445128.208 0.172014
2445135.208 0.177305
2445136.208 0.174220
2445142.208 0.176851
2445143.208 0.176174
2445144.208 0.175401
2445145.208 0.171102
2445146.208 0.171294
2445147.208 0.169020
2445148.208 0.168076
2445149.208 0.170524
2445153.208 0.170846
2445154.208 0.169113
2445155.208 0.171321
2445157.208 0.171772
2445280.208 0.176521
2445287.208 0.176052
2445343.208 0.176724
2445344.208 0.178531
2445347.208 0.174759
2445348.208 0.176036
2445359.208 0.173224
2445361.208 0.173412
2445381.208 0.168536
2445383.208 0.165596
2445384.208 0.166823
2445387.208 0.166657
2445388.208 0.169589
2445393.208 0.168475
2445403.208 0.163985
2445404.208 0.163348
2445410.208 0.164294
2445411.208 0.161777
2445418.208 0.165489
2445423.208 0.167879
2445424.208 0.162305
2445427.208 0.162761
2445435.208 0.163979
2445441.208 0.166669
2445442.208 0.163032
2445443.208 0.166328
2445444.208 0.163273
2445446.208 0.163986
2445449.208 0.166925
2445451.208 0.169156
2445458.208 0.167598
2445460.208 0.164515
2445461.208 0.168817
2445462.208 0.162182
2445464.208 0.165598
2445466.208 0.162077
2445467.208 0.167147
2445468.208 0.162813
2445470.208 0.170824
2445473.208 0.166884
2445478.208 0.173084
2445494.208 0.166715

