2445504.208 0.171467
2445511.208 0.172413
2445516.208 0.169128
2445520.208 0.169684
2445531.208 0.168599
2445532.208 0.168797
2445578.208 0.168547
2445580.208 0.168550
2445597.208 0.167665
2445603.208 0.167321
2445629.208 0.167120
2445632.208 0.167606
2445685.208 0.166386
2445704.208 0.169576
2445706.208 0.168586
2445707.208 0.169075
2445710.208 0.168863
2445711.208 0.168389
2445712.208 0.169111
2445715.208 0.167050
2445716.208 0.167396
2445718.208 0.166358
2445719.208 0.166682
2445720.208 0.165248
2445721.208 0.168327
2445723.208 0.169015
2445724.208 0.171994
2445727.208 0.172124
2445728.208 0.176519
2445729.208 0.174346
2445732.208 0.171100
2445733.208 0.170598
2445734.208 0.169645
2445735.208 0.168991
2445736.208 0.170773
2445737.208 0.169520
2445738.208 0.173679
2445739.208 0.171063
2445740.208 0.169595
2445741.208 0.169555
2445742.208 0.169162
2445743.208 0.168700
2445744.208 0.169567
2445746.208 0.167586
2445747.208 0.168524
2445749.208 0.168986
2445752.208 0.173070
2445753.208 0.175493
2445755.208 0.174977
2445756.208 0.176720
2445758.208 0.172009
2445759.208 0.173335
2445760.208 0.171761
2445761.208 0.170718
2445762.208 0.170108
2445763.208 0.169716
2445764.208 0.167045
2445770.208 0.167588
2445776.208 0.171544
2445777.208 0.169410
2445778.208 0.170497
2445779.208 0.174555
2445783.208 0.174181
2445784.208 0.171083
2445791.208 0.171234
2445792.208 0.171182
2445794.208 0.172686
2445795.208 0.169733
2445796.208 0.172038
2445799.208 0.170249
2445801.208 0.170216
2445802.208 0.166500
2445803.208 0.167901
2445804.208 0.169693
2445805.208 0.170501
2445806.208 0.169437
2445809.208 0.174188
2445810.208 0.171722
2445812.208 0.167529
2445814.208 0.169793
2445815.208 0.169840
2445816.208 0.170888
2445818.208 0.175354
2445820.208 0.172372
2445822.208 0.169403
2445823.208 0.167443
2445826.208 0.164367
2445827.208 0.165850
2445828.208 0.167843
2445829.208 0.167709
2445833.208 0.175092
2445835.208 0.171892
2445840.208 0.167266
2445841.208 0.168212
2445845.208 0.168420
2445846.208 0.167899
2445847.208 0.169422
2445848.208 0.168164
2445849.208 0.169382
2445851.208 0.167113
2445856.208 0.170543
2445859.208 0.169652
2445860.208 0.168302
2445861.208 0.169268
2445862.208 0.168960
2445864.208 0.167141
2445881.208 0.166325
2445883.208 0.168231
2445889.208 0.169803
2445897.208 0.167606
2445898.208 0.165967
2445901.208 0.165446
2445905.208 0.166021
2445906.208 0.167041
2445911.208 0.166543
2445914.208 0.167651
2445915.208 0.168428
2445927.208 0.167959
2445933.208 0.168132
2445936.208 0.163532
2445940.208 0.166151
2445947.208 0.167518
2445948.208 0.167177
2445949.208 0.166567
2445955.208 0.164245
2445963.208 0.164951
2445965.208 0.165246
2445974.208 0.163715
2445980.208 0.166652
2445981.208 0.164984
2445982.208 0.165577
2445987.208 0.162591
2445988.208 0.162150
2445991.208 0.162334
2445993.208 0.167511
2446002.208 0.163239
2446003.208 0.162685
2446004.208 0.164133
2446005.208 0.163664
2446007.208 0.164584
2446008.208 0.163523
2446009.208 0.163382
2446010.208 0.163196
2446012.208 0.164275
2446013.208 0.164770
2446017.208 0.164723
2446018.208 0.163834
2446027.208 0.168595
2446041.208 0.169235
2446042.208 0.165182
2446044.208 0.166148
2446052.208 0.164453
2446056.208 0.164782
2446057.208 0.165827
2446058.208 0.165501
2446064.208 0.164811
2446065.208 0.165079
2446066.208 0.164561
2446068.208 0.162235
2446069.208 0.164133
2446075.208 0.164717
2446076.208 0.164199
2446094.208 0.165397
2446099.208 0.163095
2446102.208 0.163285
2446105.208 0.164736
2446109.208 0.164361
2446111.208 0.164294
2446112.208 0.163482
2446113.208 0.164657
2446114.208 0.164224
2446116.208 0.164397
2446118.208 0.164762
2446121.208 0.164092
2446122.208 0.164413
2446127.208 0.166496
2446129.208 0.163115
2446131.208 0.163832
2446132.208 0.162776
2446133.208 0.164504
2446143.208 0.165793
2446146.208 0.162362
2446147.208 0.165813
2446149.208 0.165575
2446153.208 0.166378
2446156.208 0.163899
2446165.208 0.165640
2446166.208 0.162904
2446167.208 0.162399
2446168.208 0.162127
2446171.208 0.164361
2446172.208 0.163773
2446174.208 0.164565
2446175.208 0.163658
2446176.208 0.165730
2446179.208 0.166076
2446180.208 0.165089
2446186.208 0.164971
2446191.208 0.164634
2446194.208 0.164545
2446195.208 0.166039
2446197.208 0.165039
2446198.208 0.165341
2446204.208 0.165072
2446205.208 0.165690
2446206.208 0.164722
2446207.208 0.165343
2446208.208 0.166035
2446209.208 0.165091
2446210.208 0.165347
2446211.208 0.164596
2446212.208 0.163823
2446213.208 0.163038
2446214.208 0.163499
2446215.208 0.162655
2446218.208 0.162203
2446219.208 0.163188
2446220.208 0.163102
2446221.208 0.162540
2446223.208 0.164319
2446228.208 0.165485
2446230.208 0.167208
2446231.208 0.166559
2446233.208 0.165937
2446237.208 0.164534
2446238.208 0.161914
2446239.208 0.161846
2446240.208 0.162094
2446243.208 0.163834
2446244.208 0.163144
2446245.208 0.163651
2446246.208 0.162522
2446247.208 0.162968
2446255.208 0.164848
2446261.208 0.163517
2446271.208 0.165391
2446279.208 0.164403
2446280.208 0.164759
2446281.208 0.163758
2446298.208 0.161848
2446299.208 0.161236
2446300.208 0.163349
2446303.208 0.164478
2446304.208 0.165277
2446308.208 0.166416
2446309.208 0.164618
2446310.208 0.167237
2446314.208 0.163442
2446315.208 0.164328
2446316.208 0.164986
2446318.208 0.164492
2446321.208 0.166638
2446330.208 0.163498
2446331.208 0.164906
2446332.208 0.163793
2446333.208 0.165442
2446334.208 0.165246
2446335.208 0.166990
2446336.208 0.165006
2446339.208 0.163563
2446341.208 0.162897
2446342.208 0.163105
2446343.208 0.164528
2446350.208 0.163099
2446351.208 0.162800
2446357.208 0.164748
2446362.208 0.166687
2446363.208 0.167000
2446364.208 0.167381
2446365.208 0.166012
2446367.208 0.165104
2446372.208 0.163144
2446376.208 0.163156
2446377.208 0.162170
2446378.208 0.163289
2446380.208 0.163424
2446384.208 0.164913
2446385.208 0.165697
2446386.208 0.165798
2446390.208 0.164504
2446391.208 0.165350
2446392.208 0.166662
2446397.208 0.164041
2446401.208 0.164796
2446404.208 0.164167
2446405.208 0.164578
2446414.208 0.166569
2446417.208 0.165400
2446418.208 0.164481
2446419.208 0.165880
2446420.208 0.164921
2446423.208 0.165541
2446424.208 0.164555
2446426.208 0.163755
2446427.208 0.164555
2446430.208 0.164091
2446431.208 0.166281
2446433.208 0.164345
2446435.208 0.165100
2446437.208 0.163348
2446439.208 0.165296
2446450.208 0.163966
2446451.208 0.164653
2446453.208 0.164023
2446454.208 0.163356
2446455.208 0.164061
2446456.208 0.164188
2446458.208 0.164145
2446459.208 0.163802
2446461.208 0.164678
2446473.208 0.166155
2446474.208 0.164226
2446475.208 0.164016
2446476.208 0.162307
2446479.208 0.163078
2446480.208 0.163430
2446481.208 0.162512
2446482.208 0.163766
2446483.208 0.162346
2446484.208 0.162607
2446485.208 0.163973
2446488.208 0.165053
2446494.208 0.167380
2446495.208 0.167596
2446496.208 0.169320
2446498.208 0.168315
2446511.208 0.164246
2446512.208 0.164328
2446513.208 0.164366
2446515.208 0.164020
2446516.208 0.165227
2446520.208 0.166953
2446521.208 0.167567
2446525.208 0.165428
2446530.208 0.161805
2446531.208 0.162908
2446532.208 0.162237
2446533.208 0.161982
2446534.208 0.161444
2446535.208 0.161819
2446541.208 0.163482
2446542.208 0.165232
2446543.208 0.165719
2446544.208 0.164980
2446545.208 0.164843
2446548.208 0.165437
2446551.208 0.163798
2446552.208 0.164356
2446554.208 0.164629
2446556.208 0.163525
2446557.208 0.162919
2446558.208 0.163674
2446559.208 0.163988
2446560.208 0.163581
2446561.208 0.164554
2446562.208 0.162292
2446565.208 0.164111
2446566.208 0.163837
2446586.208 0.162582
2446587.208 0.163784
2446589.208 0.164391
2446591.208 0.163555
2446592.208 0.163962
2446593.208 0.164095
2446594.208 0.165287
2446596.208 0.164493
2446597.208 0.165061
2446602.208 0.164020
2446603.208 0.164251
2446622.208 0.165625
2446624.208 0.164390
2446625.208 0.165609
2446631.208 0.166083
2446635.208 0.166052
2446636.208 0.164515
2446642.208 0.167351
2446643.208 0.165830
2446644.208 0.166916
2446645.208 0.162996
2446656.208 0.163966
2446657.208 0.164087
2446659.208 0.165138
2446660.208 0.165790
2446661.208 0.165789
2446662.208 0.165942
2446663.208 0.162008
2446664.208 0.163642
2446679.208 0.164378
2446680.208 0.164526
2446681.208 0.163380
2446685.208 0.161900
2446686.208 0.163250
2446693.208 0.163241
2446694.208 0.164126
2446695.208 0.163880
2446698.208 0.164005
2446699.208 0.164871
2446700.208 0.162383
2446717.208 0.162943
2446719.208 0.161597
2446724.208 0.167198
2446725.208 0.167952
2446726.208 0.168377
2446729.208 0.168369
2446730.208 0.167583
2446731.208 0.166967
2446732.208 0.166332
2446734.208 0.166887
2446735.208 0.165455
2446740.208 0.165438
2446743.208 0.162701
2446754.208 0.164158
2446755.208 0.165648
2446757.208 0.167705
2446759.208 0.166880
2446760.208 0.166059
2446762.208 0.165002
2446763.208 0.167223
2446764.208 0.166038
2446765.208 0.163695
2446766.208 0.164640
2446767.208 0.164316
2446768.208 0.164418
2446769.208 0.162601
2446776.208 0.165357
2446777.208 0.163746
2446778.208 0.164558
2446779.208 0.164951
2446784.208 0.163140
2446788.208 0.165064
2446792.208 0.165467
2446794.208 0.163202
2446795.208 0.162179
2446799.208 0.164216
2446800.208 0.164642
2446801.208 0.165147
2446803.208 0.165044
2446817.208 0.164916
2446818.208 0.165384
2446820.208 0.164518
2446821.208 0.165612
2446822.208 0.164961
2446823.208 0.163786
2446825.208 0.164642
2446826.208 0.161879
2446829.208 0.164359
2446830.208 0.164110
2446831.208 0.162100
2446832.208 0.163859
2446849.208 0.164702
2446850.208 0.164255
2446855.208 0.165344
2446856.208 0.165288
2446857.208 0.164869
2446858.208 0.166306
2446859.208 0.166069
2446860.208 0.166048
2446863.208 0.164236
2446866.208 0.164537
2446867.208 0.164229
2446868.208 0.163098
2446869.208 0.164913
2446870.208 0.164558
2446872.208 0.164897
2446873.208 0.164333
2446875.208 0.164751
2446877.208 0.164147
2446878.208 0.164689
2446882.208 0.164126
2446883.208 0.164913
2446885.208 0.163857
2446886.208 0.163485
2446895.208 0.165425
2446896.208 0.165364
2446897.208 0.165064
2446902.208 0.166704
2446903.208 0.166568
2446904.208 0.165175
2446906.208 0.166206
2446909.208 0.164067
2446913.208 0.165611
2446914.208 0.165618
2446916.208 0.164889
2446917.208 0.166090
2446918.208 0.165185
2446919.208 0.165173
2446920.208 0.163361
2446924.208 0.166989
2446925.208 0.168747
2446926.208 0.167860
2446932.208 0.166086
2446933.208 0.166611
2446936.208 0.168492
2446937.208 0.167238
2446938.208 0.167518
2446941.208 0.167683
2446942.208 0.164518
2446943.208 0.164438
2446944.208 0.164707
2446945.208 0.164621
2446946.208 0.164913
2446947.208 0.164254
2446948.208 0.165409
2446949.208 0.163189
2446950.208 0.163783
2446951.208 0.164452
2446952.208 0.166203
2446956.208 0.165418
2446957.208 0.165756
2446958.208 0.167144
2446959.208 0.165432
2446960.208 0.167479
2446961.208 0.166686
2446962.208 0.167581
2446963.208 0.165760
2446964.208 0.168631
2446965.208 0.164523
2446966.208 0.167590
2446967.208 0.167101
2446968.208 0.165751
2446969.208 0.167107
2446970.208 0.166072
2446980.208 0.166802
2446981.208 0.164216
2446982.208 0.163919
2446984.208 0.164010
2446985.208 0.163819
2446986.208 0.164245
2446987.208 0.165889
2446988.208 0.166432
2446989.208 0.166636
2446990.208 0.166148
2446992.208 0.165538
2446994.208 0.167819
2446995.208 0.166385
2446999.208 0.169407
2447000.208 0.170661
2447001.208 0.168749
2447003.208 0.168619
2447008.208 0.165537
2447009.208 0.165284
2447022.208 0.166020
2447023.208 0.165489
2447024.208 0.164923
2447025.208 0.165867
2447028.208 0.167832
2447029.208 0.168520
2447038.208 0.166010
2447039.208 0.166619
2447040.208 0.167610
2447041.208 0.166502
2447048.208 0.165271
2447049.208 0.167321
2447050.208 0.167244
2447051.208 0.166834
2447052.208 0.167965
2447054.208 0.165836
2447055.208 0.165238
2447070.208 0.165706
2447071.208 0.166024
2447072.208 0.165721
2447073.208 0.167379
2447074.208 0.170668
2447075.208 0.169546
2447076.208 0.170474
2447077.208 0.169154
2447078.208 0.169044
2447079.208 0.164898
2447081.208 0.166668
2447089.208 0.168214
2447090.208 0.168054
2447094.208 0.166765
2447095.208 0.168086
2447096.208 0.168493
2447099.208 0.170493
2447103.208 0.168695
2447107.208 0.168562
2447108.208 0.168743
2447109.208 0.164862
2447110.208 0.167990
2447111.208 0.167693
2447112.208 0.169473
2447113.208 0.166864
2447114.208 0.169083
2447116.208 0.169099
2447118.208 0.167503
2447119.208 0.168398
2447120.208 0.168472
2447121.208 0.165398
2447122.208 0.167767
2447125.208 0.169443
2447126.208 0.168075
2447127.208 0.168645
2447128.208 0.170053
2447130.208 0.167175
2447131.208 0.167286
2447132.208 0.167881
2447133.208 0.167663
2447136.208 0.167603
2447137.208 0.166278
2447141.208 0.164676
2447145.208 0.164244
2447151.208 0.173630
2447152.208 0.167138
2447153.208 0.165817
2447154.208 0.167038
2447158.208 0.166581
2447159.208 0.166739
2447160.208 0.166764
2447161.208 0.168847
2447173.208 0.166617
2447174.208 0.166550
2447175.208 0.168365
2447176.208 0.167123
2447183.208 0.165957
2447184.208 0.166189
2447185.208 0.165430
2447186.208 0.165909
2447187.208 0.165963
2447192.208 0.168116
2447199.208 0.168329
2447200.208 0.169695
2447201.208 0.168032
2447202.208 0.166120
2447203.208 0.167641
2447204.208 0.166809
2447205.208 0.164621
2447206.208 0.170290
2447210.208 0.169356
2447212.208 0.168568
2447213.208 0.170989
2447214.208 0.169582
2447215.208 0.166675
2447216.208 0.167754
2447217.208 0.166315
2447218.208 0.165888
2447219.208 0.166011
2447220.208 0.168356
2447221.208 0.170340
2447222.208 0.170404
2447223.208 0.169208
2447225.208 0.171033
2447228.208 0.169687
2447229.208 0.169073
2447230.208 0.167368
2447231.208 0.166111
2447232.208 0.166322
2447233.208 0.167985
2447234.208 0.167458
2447235.208 0.169911
2447236.208 0.167775
2447237.208 0.166669
2447238.208 0.169755
2447239.208 0.169471
2447240.208 0.168407
2447241.208 0.171300
2447242.208 0.170094
2447243.208 0.168539
2447244.208 0.170029
2447245.208 0.168942
2447246.208 0.168341
2447247.208 0.169169
2447249.208 0.171225
2447250.208 0.170692
2447251.208 0.170610
2447252.208 0.170752
2447254.208 0.168133
2447256.208 0.171742
2447257.208 0.169597
2447258.208 0.170023
2447259.208 0.170881
2447260.208 0.171132
2447261.208 0.171358
2447263.208 0.172290
2447264.208 0.173210
2447265.208 0.172662
2447267.208 0.174994
2447270.208 0.174460
2447271.208 0.172927
2447272.208 0.171950
2447273.208 0.170616
2447275.208 0.169409
2447276.208 0.170074
2447277.208 0.169804
2447278.208 0.170218
2447279.208 0.170941
2447282.208 0.169264
2447283.208 0.169651
2447284.208 0.169474
2447285.208 0.171828
2447286.208 0.171086
2447287.208 0.170789
2447288.208 0.170848
2447289.208 0.171966
2447290.208 0.171715
2447291.208 0.172510
2447292.208 0.172160
2447293.208 0.172026
2447294.208 0.171657
2447295.208 0.171053
2447296.208 0.169381
2447297.208 0.169697
2447299.208 0.170021
2447302.208 0.168843
2447303.208 0.169058
2447304.208 0.168473
2447305.208 0.172054
2447307.208 0.170711
2447308.208 0.168303
2447309.208 0.169897
2447310.208 0.168549
2447311.208 0.168096
2447312.208 0.171120
2447316.208 0.171981
2447317.208 0.171597
2447319.208 0.173176
2447320.208 0.175252
2447321.208 0.174837
2447322.208 0.175551
2447323.208 0.174046
2447324.208 0.172910
2447325.208 0.170091
2447326.208 0.169373
2447331.208 0.170624
2447332.208 0.170894
2447333.208 0.170970
2447338.208 0.169263
2447342.208 0.173036
2447343.208 0.172459
2447345.208 0.172888
2447347.208 0.173499
2447355.208 0.169828
2447365.208 0.169793
2447366.208 0.170165
2447368.208 0.168318
2447369.208 0.170372
2447370.208 0.170862
2447371.208 0.171124
2447385.208 0.170013
2447387.208 0.170581
2447388.208 0.171744
2447389.208 0.172556
2447409.208 0.176134
2447410.208 0.176285
2447411.208 0.176494
2447412.208 0.173649
2447413.208 0.172812
2447414.208 0.170733
2447415.208 0.170960
2447416.208 0.171027
2447418.208 0.173024
2447419.208 0.171926
2447420.208 0.172236
2447421.208 0.171400
2447428.208 0.176565
2447429.208 0.176584
2447430.208 0.180177
2447441.208 0.173778
2447442.208 0.174438
2447443.208 0.176247
2447448.208 0.173050
2447450.208 0.172967
2447451.208 0.174675
2447452.208 0.172799
2447453.208 0.174348
2447454.208 0.176843
2447455.208 0.174298
2447457.208 0.175092
2447461.208 0.176143
2447462.208 0.176625
2447463.208 0.173615
2447464.208 0.174120
2447466.208 0.174671
2447467.208 0.174682
2447468.208 0.176361
2447469.208 0.175646
2447471.208 0.175120
2447473.208 0.175184
2447474.208 0.174690
2447475.208 0.174061
2447478.208 0.175416
2447479.208 0.176462
2447480.208 0.176591
2447481.208 0.175853
2447482.208 0.177618
2447483.208 0.177414
2447484.208 0.177428
2447486.208 0.175483
2447487.208 0.174397
2447488.208 0.173237
2447489.208 0.174559
2447490.208 0.173027
2447493.208 0.173171
2447494.208 0.173167
2447495.208 0.175248
2447496.208 0.175114
2447499.208 0.172977
2447502.208 0.173710
2447505.208 0.177629
2447507.208 0.180606
2447508.208 0.180413
2447509.208 0.182037
2447510.208 0.182488
2447513.208 0.183527
2447515.208 0.180690
2447517.208 0.182078
2447518.208 0.181593
2447519.208 0.180921
2447520.208 0.181346
2447523.208 0.179831
2447524.208 0.177398
2447525.208 0.176975
2447527.208 0.174431
2447541.208 0.188534
2447542.208 0.180797
2447543.208 0.179810
2447544.208 0.182793
2447545.208 0.178490
2447546.208 0.182697
2447547.208 0.181543
2447548.208 0.179885
2447550.208 0.179728
2447551.208 0.179339
2447552.208 0.181539
2447553.208 0.179778
2447555.208 0.176045
2447556.208 0.176419
2447557.208 0.175993
2447560.208 0.174922
2447561.208 0.174265
2447562.208 0.177700
2447567.208 0.187979
2447568.208 0.186593
2447569.208 0.188801
2447570.208 0.188871
2447571.208 0.188732
2447576.208 0.182378
2447580.208 0.179313
2447581.208 0.179628
2447582.208 0.179099
2447583.208 0.178385
2447584.208 0.179527
2447592.208 0.177606
2447593.208 0.179830
2447594.208 0.181044
2447597.208 0.185792
2447598.208 0.179128
2447599.208 0.180026
2447600.208 0.188831
2447601.208 0.187840
2447602.208 0.187116
2447603.208 0.188595
2447605.208 0.184541
2447607.208 0.184968
2447608.208 0.183550
2447609.208 0.182442
2447610.208 0.179488
2447611.208 0.177758
2447612.208 0.178217
2447614.208 0.174244
2447615.208 0.173324
2447616.208 0.173955
2447617.208 0.175484
2447618.208 0.175727
2447619.208 0.175977
2447620.208 0.177824
2447621.208 0.179785
2447622.208 0.178635
2447623.208 0.181079
2447624.208 0.182717
2447625.208 0.182029
2447626.208 0.183298
2447627.208 0.182294
2447629.208 0.181272
2447631.208 0.180140
2447632.208 0.180532
2447638.208 0.179731
2447641.208 0.174881
2447642.208 0.176461
2447643.208 0.176036
2447644.208 0.174625
2447645.208 0.175663
2447646.208 0.175908
2447647.208 0.176379
2447648.208 0.175107
2447649.208 0.177770
2447650.208 0.181721
2447651.208 0.179506
2447652.208 0.180541
2447653.208 0.180944
2447654.208 0.176895
2447655.208 0.181165
2447667.208 0.175507
2447668.208 0.174737
2447669.208 0.176184
2447670.208 0.175393
2447672.208 0.174896
2447673.208 0.173416
2447674.208 0.173315
2447678.208 0.177049
2447679.208 0.177968
2447680.208 0.177775
2447682.208 0.181078
2447683.208 0.181937
2447684.208 0.183420
2447686.208 0.181917
2447687.208 0.182122
2447688.208 0.184032
2447689.208 0.185281
2447690.208 0.186867
2447691.208 0.189854
2447706.208 0.177200
2447708.208 0.181395
2447709.208 0.180369
2447710.208 0.175702
2447712.208 0.178627
2447713.208 0.178972
2447734.208 0.175972
2447749.208 0.180324
2447755.208 0.183258
2447756.208 0.184883
2447758.208 0.185647
2447761.208 0.177894
2447763.208 0.176223
2447764.208 0.175386
2447772.208 0.181678
2447773.208 0.181721
2447774.208 0.182058
2447775.208 0.181636
2447776.208 0.184422
2447778.208 0.185256
2447779.208 0.188434
2447781.208 0.188843
2447782.208 0.187143
2447783.208 0.188136
2447784.208 0.184358
2447785.208 0.183059
2447786.208 0.180243
2447787.208 0.179816
2447788.208 0.176600
2447790.208 0.173158
2447791.208 0.171357
2447793.208 0.172550
2447794.208 0.171185
2447795.208 0.171881
2447796.208 0.170686
2447797.208 0.170583
2447798.208 0.172540
2447799.208 0.174394
2447800.208 0.175775
2447801.208 0.177448
2447802.208 0.177732
2447804.208 0.182923
2447821.208 0.171132
2447822.208 0.174463
2447823.208 0.173400
2447824.208 0.173507
2447826.208 0.170859
2447827.208 0.175977
2447828.208 0.175561
2447829.208 0.177818
2447830.208 0.179017
2447846.208 0.183618
2447847.208 0.178883
2447848.208 0.178450
2447849.208 0.177604
2447851.208 0.179771
2447853.208 0.178473
2447854.208 0.179344
2447855.208 0.179505
2447856.208 0.182322
2447857.208 0.182178
2447858.208 0.181861
2447861.208 0.182258
2447862.208 0.182533
2447863.208 0.181171
2447864.208 0.183308
2447865.208 0.183986
2447866.208 0.184144
2447867.208 0.183398
2447868.208 0.182461
2447869.208 0.182477
2447870.208 0.179051
2447871.208 0.178425
2447873.208 0.176838
2447874.208 0.177637
2447875.208 0.175988
2447876.208 0.176809
2447884.208 0.181106
2447885.208 0.182524
2447887.208 0.186147
2447888.208 0.188366
2447892.208 0.186618
2447896.208 0.179507
2447909.208 0.177603
2447912.208 0.184078
2447913.208 0.184295
2447917.208 0.185094
2447918.208 0.184185
2447920.208 0.184806
2447921.208 0.185185
2447922.208 0.183254
2447926.208 0.178070
2447927.208 0.176848
2447928.208 0.174653
2447929.208 0.173525
2447930.208 0.171707
2447933.208 0.173561
2447934.208 0.174082
2447939.208 0.176140
2447940.208 0.174293
2447941.208 0.176142
2447942.208 0.176172
2447943.208 0.177956
2447955.208 0.175663
2447956.208 0.175069
2447957.208 0.172786
2447958.208 0.174209
2447959.208 0.172937
2447960.208 0.174499
2447962.208 0.172928
2447963.208 0.172758
2447964.208 0.174715
2447979.208 0.176592
2447982.208 0.177892
2447983.208 0.177811
2447985.208 0.175682
2447986.208 0.175345
2447987.208 0.175684
2447988.208 0.175913
2447994.208 0.175607
2447995.208 0.176426
2447996.208 0.181258
2447997.208 0.183073
2447998.208 0.183226
2448001.208 0.182670
2448002.208 0.183440
2448003.208 0.185443
2448004.208 0.185795
2448005.208 0.182212
2448006.208 0.179866
2448008.208 0.178284
2448009.208 0.179010
2448010.208 0.177858
2448012.208 0.173648
2448013.208 0.172814
2448018.208 0.172878
2448019.208 0.174006
2448020.208 0.175136
2448021.208 0.176589
2448023.208 0.181583
2448024.208 0.181613
2448025.208 0.182414
2448031.208 0.185017
2448032.208 0.186837
2448038.208 0.177621
2448053.208 0.181812
2448054.208 0.187657
2448055.208 0.186020
2448056.208 0.185057
2448057.208 0.185479
2448059.208 0.180221
2448060.208 0.180318
2448061.208 0.179705
2448062.208 0.178367
2448063.208 0.176868
2448064.208 0.175284
2448065.208 0.176718
2448066.208 0.176622
2448067.208 0.171408
2448069.208 0.172823
2448070.208 0.174126
2448071.208 0.177438
2448072.208 0.176451
2448073.208 0.179718
2448074.208 0.181238
2448075.208 0.180624
2448077.208 0.184524
2448079.208 0.181737
2448081.208 0.180441
2448083.208 0.178530
2448084.208 0.178074
2448086.208 0.175471
2448087.208 0.178152
2448088.208 0.176998
2448089.208 0.175995
2448090.208 0.174853
2448091.208 0.175214
2448094.208 0.175842
2448096.208 0.177167
2448097.208 0.178330
2448098.208 0.178733
2448099.208 0.180002
2448100.208 0.180271
2448101.208 0.180392
2448102.208 0.177375
2448105.208 0.177259
2448106.208 0.179088
2448107.208 0.178419
2448109.208 0.177430
2448112.208 0.175917
2448113.208 0.175963
2448114.208 0.175315
2448115.208 0.175683
2448121.208 0.175912
2448122.208 0.179743
2448123.208 0.180601
2448127.208 0.179083
2448129.208 0.182600
2448130.208 0.177774
2448131.208 0.180233
2448132.208 0.178442
2448133.208 0.179559
2448134.208 0.177427
2448135.208 0.177632
2448136.208 0.176027
2448137.208 0.175726
2448138.208 0.174621
2448141.208 0.172202
2448144.208 0.176327
2448145.208 0.177397
2448146.208 0.179713
2448148.208 0.178720
2448152.208 0.179460
2448153.208 0.176068
2448154.208 0.176791
2448155.208 0.174966
2448160.208 0.176211
2448161.208 0.177777
2448162.208 0.174530
2448163.208 0.172934
2448174.208 0.177022
2448175.208 0.179514
2448176.208 0.178715
2448177.208 0.178581
2448178.208 0.177154
2448179.208 0.176900
2448180.208 0.177021
2448181.208 0.176673
2448182.208 0.178226
2448183.208 0.177458
2448184.208 0.177605
2448185.208 0.176709
2448200.208 0.169653
2448201.208 0.172904
2448207.208 0.176039
2448208.208 0.174929
2448209.208 0.175924
2448210.208 0.175300
2448211.208 0.176296
2448212.208 0.176661
2448213.208 0.177365
2448214.208 0.176737
2448215.208 0.176510
2448218.208 0.176227
2448219.208 0.173515
2448220.208 0.173221
2448221.208 0.173061
2448223.208 0.172951
2448224.208 0.173659
2448228.208 0.176241
2448229.208 0.179949
2448230.208 0.181947
2448236.208 0.182293
2448237.208 0.181619
2448238.208 0.184100
2448243.208 0.180916
2448244.208 0.177855
2448245.208 0.178287
2448246.208 0.177257
2448249.208 0.174917
2448250.208 0.174464
2448253.208 0.175904
2448256.208 0.181814
2448257.208 0.182015
2448259.208 0.185057
2448260.208 0.181148
2448276.208 0.175957
2448279.208 0.179881
2448280.208 0.185509
2448281.208 0.182319
2448282.208 0.183832
2448284.208 0.191311
2448285.208 0.188265
2448287.208 0.188300
2448288.208 0.188825
2448289.208 0.187819
2448290.208 0.184138
2448291.208 0.182239
2448292.208 0.181621
2448293.208 0.181102
2448301.208 0.177696
2448302.208 0.178954
2448303.208 0.177673
2448307.208 0.181256
2448308.208 0.183728
2448309.208 0.182939
2448310.208 0.189474
2448312.208 0.187849
2448313.208 0.191286
2448315.208 0.188176
2448319.208 0.176560
2448320.208 0.180158
2448321.208 0.179140
2448323.208 0.182169
2448328.208 0.187213
2448330.208 0.186061
2448339.208 0.183096
2448340.208 0.185559
2448343.208 0.178099
2448345.208 0.175752
2448346.208 0.173186
2448347.208 0.175834
2448348.208 0.177064
2448349.208 0.177206
2448350.208 0.181208
2448354.208 0.184471
2448355.208 0.183658
2448356.208 0.183806
2448357.208 0.180581
2448358.208 0.188926
2448359.208 0.188742
2448363.208 0.188463
2448364.208 0.186652
2448365.208 0.183779
2448366.208 0.187563
2448367.208 0.184751
2448368.208 0.180266
2448369.208 0.177620
2448372.208 0.171964
2448373.208 0.173873
2448374.208 0.172720
2448379.208 0.179475
2448380.208 0.179664
2448381.208 0.180111
2448382.208 0.178910
2448383.208 0.178379
2448384.208 0.178495
2448385.208 0.177897
2448386.208 0.176139
2448388.208 0.185445
2448389.208 0.183002
2448390.208 0.183225
2448391.208 0.182964
2448392.208 0.180701
2448394.208 0.180224
2448395.208 0.176986
2448396.208 0.179985
2448399.208 0.177601
2448414.208 0.182699
2448415.208 0.184817
2448416.208 0.183762
2448421.208 0.177836
2448426.208 0.173060
2448430.208 0.176219
2448434.208 0.180498
2448435.208 0.177914
2448436.208 0.180021
2448437.208 0.179683
2448438.208 0.180565
2448439.208 0.180646
2448442.208 0.186455
2448443.208 0.186626
2448444.208 0.189346
2448445.208 0.188266
2448446.208 0.186127
2448447.208 0.184934
2448455.208 0.175189
2448469.208 0.185407
2448474.208 0.185007
2448475.208 0.181750
2448476.208 0.176907
2448477.208 0.177472
2448478.208 0.177006
2448481.208 0.173316
2448482.208 0.174556
2448484.208 0.173632
2448487.208 0.181611
2448488.208 0.186974
2448489.208 0.188522
2448490.208 0.185610
2448491.208 0.184570
2448492.208 0.181757
2448493.208 0.181531
2448494.208 0.184541
2448495.208 0.181948
2448497.208 0.177421
2448498.208 0.179252
2448499.208 0.179312
2448500.208 0.181699
