2448515.208 0.179127
2448524.208 0.178992
2448525.208 0.178988
2448526.208 0.178427
2448527.208 0.178719
2448528.208 0.176989
2448529.208 0.178581
2448530.208 0.179159
2448531.208 0.178517
2448554.208 0.178733
2448555.208 0.182938
2448556.208 0.182250
2448557.208 0.181479
2448558.208 0.183007
2448559.208 0.184725
2448560.208 0.181998
2448562.208 0.181576
2448563.208 0.182931
2448564.208 0.180111
2448565.208 0.177199
2448566.208 0.176373
2448567.208 0.176369
2448568.208 0.176831
2448569.208 0.179165
2448570.208 0.179143
2448577.208 0.174647
2448578.208 0.175006
2448579.208 0.181417
2448581.208 0.177108
2448582.208 0.176776
2448583.208 0.175630
2448584.208 0.176197
2448586.208 0.174956
2448587.208 0.175761
2448588.208 0.176414
2448590.208 0.176819
2448591.208 0.174129
2448598.208 0.181222
2448599.208 0.181982
2448600.208 0.183578
2448603.208 0.183461
2448604.208 0.184739
2448605.208 0.178196
2448618.208 0.179024
2448619.208 0.177853
2448620.208 0.182356
2448622.208 0.179421
2448624.208 0.183449
2448627.208 0.183635
2448630.208 0.187877
2448631.208 0.188581
2448636.208 0.176608
2448637.208 0.177429
2448638.208 0.173807
2448640.208 0.175150
2448641.208 0.176150
2448644.208 0.178312
2448645.208 0.178605
2448646.208 0.177054
2448649.208 0.180654
2448650.208 0.181713
2448651.208 0.182402
2448652.208 0.185045
2448653.208 0.184530
2448665.208 0.180320
2448667.208 0.180778
2448668.208 0.180377
2448669.208 0.178683
2448670.208 0.177593
2448671.208 0.177303
2448672.208 0.176911
2448673.208 0.177298
2448674.208 0.181743
2448676.208 0.183381
2448678.208 0.187173
2448679.208 0.191284
2448680.208 0.188464
2448681.208 0.189698
2448682.208 0.187753
2448683.208 0.183176
2448684.208 0.181044
2448689.208 0.175840
2448692.208 0.179771
2448694.208 0.177757
2448695.208 0.178001
2448696.208 0.176409
2448697.208 0.175606
2448698.208 0.175387
2448701.208 0.181357
2448702.208 0.179535
2448703.208 0.180196
2448704.208 0.179894
2448705.208 0.181694
2448706.208 0.183641
2448707.208 0.182217
2448708.208 0.181576
2448712.208 0.181071
2448713.208 0.177049
2448714.208 0.176044
2448716.208 0.178026
2448718.208 0.170860
2448719.208 0.171355
2448720.208 0.175953
2448721.208 0.175168
2448722.208 0.176297
2448723.208 0.181062
2448724.208 0.176541
2448725.208 0.176269
2448726.208 0.175427
2448727.208 0.174851
2448728.208 0.178274
2448729.208 0.178810
2448730.208 0.181802
2448731.208 0.182409
2448733.208 0.180592
2448734.208 0.181104
2448735.208 0.184288
2448737.208 0.180826
2448738.208 0.178970
2448739.208 0.177854
2448741.208 0.176596
2448742.208 0.173414
2448743.208 0.173182
2448755.208 0.174164
2448759.208 0.176055
2448760.208 0.172049
2448761.208 0.177303
2448762.208 0.177521
2448764.208 0.175332
2448768.208 0.174015
2448771.208 0.169789
2448783.208 0.172728
2448784.208 0.173041
2448785.208 0.173414
2448786.208 0.173078
2448787.208 0.173995
2448788.208 0.172676
2448789.208 0.173899
2448791.208 0.173087
2448794.208 0.170955
2448795.208 0.171244
2448796.208 0.171080
2448797.208 0.169954
2448798.208 0.169539
2448799.208 0.168615
2448804.208 0.173509
2448805.208 0.171974
2448806.208 0.172786
2448807.208 0.174125
2448808.208 0.173755
2448809.208 0.173714
2448814.208 0.173764
2448815.208 0.171581
2448825.208 0.168821
2448826.208 0.169387
2448827.208 0.167256
2448828.208 0.165886
2448829.208 0.167442
2448830.208 0.167983
2448831.208 0.167188
2448832.208 0.166253
2448833.208 0.168060
2448834.208 0.168548
2448837.208 0.168353
2448838.208 0.170198
2448839.208 0.170698
2448840.208 0.170969
2448841.208 0.172302
2448842.208 0.172554
2448843.208 0.173148
2448844.208 0.172589
2448845.208 0.172777
2448848.208 0.173496
2448849.208 0.173258
2448850.208 0.171063
2448851.208 0.172778
2448852.208 0.172070
2448853.208 0.174105
2448856.208 0.166959
2448857.208 0.169734
2448862.208 0.169481
2448863.208 0.170753
2448864.208 0.169525
2448866.208 0.168943
2448867.208 0.172558
2448868.208 0.173155
2448869.208 0.173253
2448870.208 0.170318
2448871.208 0.173170
2448872.208 0.171553
2448873.208 0.170946
2448874.208 0.173961
2448875.208 0.173148
2448876.208 0.172580
2448877.208 0.172972
2448878.208 0.174330
2448879.208 0.171295
2448883.208 0.169821
2448884.208 0.171915
2448886.208 0.171302
2448887.208 0.171267
2448889.208 0.170545
2448890.208 0.174283
2448891.208 0.170717
2448892.208 0.169743
2448893.208 0.170004
2448894.208 0.169068
2448895.208 0.169635
2448896.208 0.170494
2448897.208 0.170791
2448898.208 0.170923
2448899.208 0.172621
2448900.208 0.172202
2448901.208 0.171869
2448902.208 0.175238
2448903.208 0.173524
2448904.208 0.174777
2448905.208 0.172665
2448906.208 0.171211
2448907.208 0.171252
2448908.208 0.170034
2448909.208 0.169245
2448910.208 0.169085
2448911.208 0.169290
2448912.208 0.170326
2448913.208 0.169581
2448914.208 0.169750
2448916.208 0.171685
2448917.208 0.171211
2448921.208 0.171793
2448922.208 0.172271
2448923.208 0.171709
2448928.208 0.172425
2448929.208 0.172830
2448931.208 0.172630
2448938.208 0.174468
2448939.208 0.173933
2448940.208 0.172549
2448941.208 0.175203
2448942.208 0.173944
2448943.208 0.173364
2448944.208 0.174133
2448945.208 0.175622
2448951.208 0.174352
2448952.208 0.175080
2448953.208 0.176414
2448954.208 0.174446
2448955.208 0.173696
2448956.208 0.173025
2448958.208 0.173667
2448959.208 0.170934
2448963.208 0.169485
2448964.208 0.171524
2448966.208 0.173801
2448967.208 0.174829
2448968.208 0.176255
2448969.208 0.175184
2448972.208 0.175680
2448974.208 0.175017
2448975.208 0.175727
2448978.208 0.175992
2448979.208 0.175873
2448984.208 0.173230
2449008.208 0.170144
2449009.208 0.170711
2449010.208 0.172554
2449011.208 0.173092
2449012.208 0.170115
2449013.208 0.169237
2449014.208 0.168962
2449017.208 0.167432
2449018.208 0.168440
2449019.208 0.168048
2449020.208 0.167899
2449021.208 0.169028
2449022.208 0.171580
2449024.208 0.173160
2449025.208 0.176631
2449026.208 0.174908
2449030.208 0.175359
2449031.208 0.175350
2449041.208 0.171566
2449044.208 0.171684
2449045.208 0.173101
2449049.208 0.174547
2449050.208 0.178229
2449051.208 0.175940
2449052.208 0.180075
2449053.208 0.177731
2449054.208 0.177256
2449055.208 0.175331
2449056.208 0.175903
2449057.208 0.174243
2449058.208 0.173721
2449059.208 0.172563
2449060.208 0.169802
2449074.208 0.171867
2449075.208 0.170347
2449077.208 0.173254
2449078.208 0.176443
2449079.208 0.175948
2449086.208 0.170061
2449087.208 0.171653
2449088.208 0.169370
2449089.208 0.168883
2449091.208 0.167127
2449096.208 0.169507
2449097.208 0.166437
2449098.208 0.170085
2449103.208 0.177058
2449104.208 0.175666
2449105.208 0.175304
2449106.208 0.174847
2449116.208 0.172613
2449117.208 0.174740
2449118.208 0.173117
2449119.208 0.174516
2449120.208 0.174506
2449122.208 0.171843
2449123.208 0.172576
2449124.208 0.173148
2449128.208 0.171832
2449129.208 0.171608
2449131.208 0.172032
2449137.208 0.174619
2449138.208 0.173791
2449139.208 0.174530
2449140.208 0.175035
2449141.208 0.176968
2449142.208 0.175193
2449154.208 0.166367
2449155.208 0.169061
2449156.208 0.166889
2449157.208 0.168065
2449158.208 0.167055
2449160.208 0.168769
2449161.208 0.168863
2449162.208 0.171672
2449163.208 0.172476
2449164.208 0.171548
2449166.208 0.173614
2449167.208 0.174658
2449168.208 0.173852
2449172.208 0.172310
2449173.208 0.171359
2449174.208 0.171017
2449175.208 0.170500
2449190.208 0.170582
2449191.208 0.170509
2449192.208 0.171837
2449193.208 0.171697
2449194.208 0.171147
2449196.208 0.169953
2449198.208 0.170276
2449199.208 0.169994
2449200.208 0.169246
2449203.208 0.168733
2449204.208 0.166740
2449205.208 0.168241
2449208.208 0.168306
2449209.208 0.167169
2449210.208 0.168486
2449218.208 0.168798
2449220.208 0.168900
2449221.208 0.169541
2449222.208 0.167638
2449224.208 0.172627
2449225.208 0.172489
2449233.208 0.167866
2449234.208 0.166568
2449235.208 0.167084
2449251.208 0.166994
2449252.208 0.167579
2449253.208 0.166994
2449254.208 0.166936
2449256.208 0.169324
2449258.208 0.168591
2449259.208 0.168219
2449260.208 0.169662
2449262.208 0.169564
2449263.208 0.169125
2449264.208 0.169241
2449265.208 0.169232
2449266.208 0.168590
2449270.208 0.168244
2449271.208 0.166137
2449272.208 0.165165
2449273.208 0.165251
2449274.208 0.166539
2449275.208 0.165786
2449291.208 0.169387
2449292.208 0.171002
2449293.208 0.165837
2449301.208 0.166621
2449306.208 0.166953
2449312.208 0.166747
2449316.208 0.166517
2449317.208 0.171960
2449325.208 0.169926
2449326.208 0.169642
2449327.208 0.168963
2449328.208 0.166011
2449329.208 0.165921
2449331.208 0.165676
2449332.208 0.166073
2449335.208 0.164914
2449336.208 0.167782
2449337.208 0.167117
2449338.208 0.167658
2449339.208 0.166272
2449340.208 0.166916
2449345.208 0.170978
2449346.208 0.171772
2449348.208 0.169819
2449352.208 0.173464
2449355.208 0.170371
2449356.208 0.170299
2449357.208 0.171664
2449359.208 0.172464
2449360.208 0.170853
2449363.208 0.167019
2449375.208 0.168923
2449376.208 0.169186
2449377.208 0.171440
2449378.208 0.171702
2449379.208 0.171239
2449380.208 0.171431
2449399.208 0.169811
2449400.208 0.173104
2449408.208 0.172487
2449413.208 0.168121
2449414.208 0.168172
2449414.492 0.168561
2449415.208 0.164050
2449416.208 0.166858
2449416.499 0.163220
2449417.208 0.165673
2449418.208 0.166174
2449419.208 0.166954
2449424.208 0.169091
2449425.208 0.169321
2449427.208 0.170239
2449428.208 0.167701
2449429.208 0.165049
2449430.208 0.168442
2449431.208 0.167216
2449438.828 0.169500
2449444.208 0.167970
2449445.208 0.165609
2449446.208 0.165278
2449448.208 0.164078
2449449.208 0.163479
2449450.208 0.164625
2449451.208 0.165284
2449452.208 0.166334
2449453.208 0.166979
2449454.208 0.167218
2449454.496 0.159725
2449455.208 0.167221
2449456.208 0.167652
2449457.208 0.166137
2449458.208 0.166553
2449459.208 0.166758
2449460.208 0.168082
2449464.208 0.169626
2449465.208 0.169242
2449466.208 0.168561
2449467.208 0.169061
2449467.829 0.168900
2449468.208 0.168217
2449469.208 0.167850
2449470.208 0.167836
2449471.208 0.166742
2449472.208 0.165399
2449473.208 0.166734
2449474.208 0.166475
2449489.208 0.169712
2449490.208 0.168598
2449491.208 0.169597
2449494.208 0.168056
2449495.208 0.167348
2449496.208 0.166267
2449496.830 0.169070
2449498.208 0.164448
2449501.208 0.164202
2449502.208 0.163921
2449503.208 0.164863
2449503.515 0.160307
2449505.486 0.162832
2449507.494 0.161861
2449509.501 0.163997
2449511.509 0.165939
2449515.487 0.166036
2449517.495 0.173416
2449523.208 0.167182
2449525.830 0.169230
2449526.208 0.166583
2449526.510 0.166619
2449527.208 0.168043
2449528.208 0.165855
2449529.208 0.164428
2449529.503 0.162249
2449530.208 0.162877
2449533.208 0.166202
2449534.208 0.166993
2449534.467 0.167881
2449535.208 0.164196
2449537.208 0.167131
2449539.208 0.167717
2449539.504 0.166036
2449540.208 0.166232
2449541.208 0.169104
2449541.475 0.167978
2449542.208 0.167452
2449543.208 0.167131
2449544.208 0.166910
2449545.208 0.166917
2449545.490 0.168658
2449546.208 0.166886
2449547.208 0.166490
2449548.208 0.165965
2449548.519 0.169337
2449549.208 0.168135
2449550.208 0.167869
2449553.208 0.166159
2449554.208 0.166877
2449555.208 0.165213
2449556.208 0.164251
2449558.849 0.168330
2449559.208 0.161509
2449560.491 0.162444
2449563.208 0.164234
2449563.484 0.171182
2449565.208 0.166016
2449566.514 0.165356
2449568.485 0.170988
2449569.507 0.168464
2449570.492 0.170211
2449575.529 0.168852
2449581.479 0.170211
2449583.486 0.164580
2449584.208 0.163657
2449585.208 0.164552
2449585.494 0.162444
2449585.804 0.167970
2449586.208 0.163839
2449587.208 0.162796
2449589.208 0.162892
2449591.208 0.162930
2449592.208 0.167652
2449592.502 0.163512
2449594.509 0.169046
2449597.502 0.166716
2449599.208 0.165539
2449599.510 0.160307
2449601.208 0.167644
2449605.208 0.165423
2449607.503 0.163512
2449608.489 0.163609
2449609.208 0.166042
2449610.496 0.164483
2449611.518 0.167978
2449612.504 0.166813
2449614.511 0.165454
2449615.828 0.167770
2449619.208 0.166984
2449620.208 0.162592
2449620.534 0.163706
2449621.208 0.167531
2449622.208 0.163269
2449623.208 0.166368
2449623.490 0.165551
2449624.208 0.165822
2449625.208 0.166387
2449626.208 0.164584
2449626.483 0.161570
2449627.505 0.163415
2449628.208 0.163419
2449630.498 0.162346
2449631.208 0.164069
2449633.208 0.167260
2449633.491 0.173416
2449634.208 0.164543
2449635.208 0.164281
2449636.208 0.166891
2449636.521 0.163803
2449637.208 0.165020
2449638.208 0.165804
2449638.492 0.165648
2449639.208 0.169464
2449641.208 0.166238
2449643.208 0.167402
2449644.208 0.167121
2449644.478 0.164774
2449644.865 0.170270
2449645.208 0.168610
2449646.208 0.168488
2449646.485 0.164288
2449647.208 0.163285
2449648.208 0.168337
2449648.493 0.164483
2449649.208 0.163389
2449651.486 0.165551
2449652.208 0.166539
2449653.493 0.167298
2449655.501 0.168755
2449657.508 0.168464
2449659.516 0.168464
2449661.523 0.166910
2449662.208 0.164139
2449663.208 0.166757
2449663.531 0.166619
2449666.208 0.166413
2449666.487 0.166813
2449667.208 0.165983
2449671.208 0.168551
2449671.488 0.167104
2449674.481 0.163512
2449675.208 0.166298
2449675.839 0.164980
2449676.208 0.163730
2449677.208 0.164273
2449678.208 0.165843
2449678.496 0.165356
2449681.208 0.164762
2449682.511 0.170988
2449683.208 0.167266
2449684.208 0.166901
2449684.518 0.166522
2449685.208 0.167878
2449686.208 0.167931
2449687.208 0.164651
2449687.475 0.167395
2449689.208 0.164200
2449689.482 0.167881
2449690.208 0.165840
2449691.208 0.164583
2449694.208 0.162837
2449695.208 0.165533
2449695.505 0.169920
2449696.208 0.166274
2449697.512 0.180309
2449698.208 0.168794
2449700.208 0.167892
2449701.208 0.168597
2449701.491 0.167784
2449702.208 0.168188
2449702.867 0.165600
2449703.208 0.164939
2449704.208 0.165710
2449705.208 0.167186
2449705.506 0.163997
2449706.208 0.167111
2449707.208 0.167514
2449709.208 0.169944
2449715.507 0.164385
2449716.208 0.166672
2449720.208 0.166668
2449731.494 0.163317
2449735.509 0.164191
2449736.208 0.165462
2449737.208 0.168084
2449739.208 0.168412
2449740.208 0.167646
2449740.510 0.171279
2449741.208 0.168801
2449745.510 0.176620
2449746.208 0.164657
2449747.518 0.169920
2449748.208 0.166884
2449749.208 0.169261
2449749.525 0.170114
2449750.208 0.166718
2449751.208 0.167316
2449752.208 0.166964
2449752.482 0.160210
2449753.208 0.165170
2449754.489 0.160599
2449756.208 0.167240
2449756.497 0.162832
2449757.208 0.165953
2449765.512 0.169823
2449766.208 0.168216
2449766.822 0.167830
2449767.208 0.170909
2449767.520 0.168852
2449768.208 0.170298
2449769.208 0.169367
2449769.527 0.169143
2449770.208 0.167456
2449771.208 0.168116
2449772.484 0.167881
2449773.208 0.164665
2449775.208 0.166857
2449777.208 0.168127
2449780.208 0.164978
2449781.208 0.166500
2449782.208 0.169194
2449784.492 0.173998
2449785.208 0.167845
2449786.208 0.164108
2449787.208 0.164508
2449788.208 0.165899
2449790.208 0.164318
2449791.208 0.164306
2449792.208 0.168193
2449792.522 0.167978
2449793.208 0.168039
2449793.851 0.167070
2449795.208 0.167554
2449796.208 0.166666
2449796.501 0.166425
2449797.208 0.169142
2449799.494 0.164288
2449801.208 0.169852
2449801.501 0.161375
2449802.208 0.169360
2449803.208 0.168898
2449804.494 0.170211
2449805.208 0.166145
2449806.208 0.168007
2449807.524 0.169046
2449808.208 0.167395
2449811.502 0.169532
2449813.208 0.165745
2449815.208 0.165686
2449815.481 0.165162
2449818.474 0.164871
2449820.481 0.163803
2449825.208 0.170505
2449826.208 0.170860
2449828.208 0.169119
2449829.208 0.166687
2449832.208 0.165812
2449832.526 0.165551
2449833.208 0.168919
2449834.208 0.166487
2449834.461 0.166133
2449839.208 0.168473
2449840.208 0.166409
2449840.483 0.164191
2449841.208 0.166610
2449842.491 0.171571
2449843.208 0.168084
2449846.208 0.164343
2449847.208 0.169383
2449847.491 0.169435
2449848.208 0.167398
2449849.499 0.168561
2449850.208 0.166411
2449856.208 0.165431
2449857.529 0.166522
2449859.208 0.164881
2449860.485 0.158074
2449867.208 0.164334
2449868.208 0.163452
2449868.515 0.161667
2449869.208 0.164768
2449870.208 0.163368
2449871.208 0.165200
2449871.508 0.164385
2449874.208 0.169611
2449875.208 0.165253
2449876.208 0.169654
2449877.208 0.169008
2449878.208 0.169321
2449880.487 0.161570
2449881.208 0.169486
2449882.208 0.166711
2449882.495 0.163803
2449883.208 0.164649
2449884.502 0.164288
2449888.208 0.163896
2449889.208 0.163552
2449890.208 0.167840
2449891.208 0.166600
2449892.208 0.166549
2449896.208 0.168314
2449897.208 0.167017
2449898.208 0.166594
2449898.518 0.162152
2449902.533 0.158560
2449904.504 0.164483
2449913.520 0.162346
2449916.513 0.161764
2449918.208 0.164223
2449918.520 0.165454
2449923.208 0.163409
2449925.208 0.164859
2449926.208 0.164152
2449931.208 0.170292
2449932.208 0.166335
2449933.208 0.166722
2449936.515 0.165939
2449940.530 0.165939
2449948.487 0.164288
2449956.208 0.165107
2449958.208 0.166659
2449958.524 0.167590
2449963.208 0.165635
2449964.208 0.163893
2449965.208 0.163299
2449966.208 0.164709
2449967.208 0.162022
2449968.208 0.165169
2449970.814 0.162830
2449974.208 0.162754
2449980.208 0.164407
2449981.208 0.164830
2449983.208 0.162220
2449986.208 0.166971
2449987.208 0.166507
2449988.208 0.166015
2449993.208 0.160716
2449994.208 0.162446
2449996.208 0.163471
2450008.208 0.166182
2450009.208 0.166300
2450009.478 0.162832
2450010.208 0.166289
2450011.208 0.165869
2450012.471 0.165648
2450016.486 0.164385
2450017.208 0.164646
2450021.208 0.162958
2450021.487 0.166910
2450022.208 0.166637
2450025.208 0.166749
2450029.208 0.163840
2450030.208 0.165403
2450030.466 0.167298
2450031.208 0.164145
2450032.208 0.163106
2450037.510 0.169240
2450042.511 0.160307
2450044.208 0.165360
2450046.526 0.165745
2450047.208 0.164953
2450049.208 0.163816
2450049.519 0.164288
2450050.208 0.164303
2450051.208 0.163284
2450053.208 0.164369
2450056.208 0.165076
2450057.208 0.162845
2450058.208 0.163361
2450063.208 0.165675
2450064.208 0.163948
2450078.208 0.165340
2450079.208 0.164185
2450081.208 0.165753
2450087.804 0.168130
2450088.514 0.161764
2450091.552 0.163706
2450095.505 0.169920
2450099.208 0.160141
2450101.208 0.161037
2450102.208 0.162592
2450105.208 0.162833
2450106.558 0.168269
2450107.208 0.162958
2450108.208 0.165477
2450109.208 0.164512
2450112.597 0.165065
2450119.836 0.167330
2450128.208 0.163494
2450129.208 0.162619
2450130.208 0.162289
2450133.208 0.164504
2450134.208 0.163123
2450136.208 0.164115
2450137.631 0.167978
2450141.208 0.162403
2450142.208 0.165764
2450143.208 0.162325
2450144.208 0.161725
2450144.659 0.168852
2450147.208 0.164138
2450147.660 0.168755
2450149.673 0.150889
2450150.208 0.161902
2450154.724 0.147102
2450155.208 0.163891
2450156.208 0.164358
2450157.208 0.159867
2450159.738 0.165939
2450161.208 0.162869
2450162.208 0.161513
2450163.727 0.164677
2450165.208 0.162729
2450165.704 0.164191
2450168.208 0.163488
2450168.741 0.166716
2450169.208 0.162281
2450170.208 0.162438
2450170.754 0.165939
2450171.208 0.162960
2450175.769 0.165162
2450176.208 0.162249
2450176.852 0.162900
2450177.208 0.163226
2450177.782 0.164871
2450182.208 0.162676
2450183.208 0.162546
2450183.747 0.164483
2450185.208 0.162954
2450186.785 0.162152
2450190.775 0.168075
2450193.812 0.166813
2450196.208 0.164834
2450197.208 0.161948
2450198.827 0.167007
2450200.840 0.166910
2450204.208 0.164446
2450205.208 0.164116
2450205.817 0.167007
2450206.208 0.163432
2450206.802 0.166130
2450207.208 0.159099
2450207.830 0.165939
2450210.831 0.163317
2450211.208 0.166106
2450212.208 0.161606
2450212.844 0.168464
2450213.208 0.162243
2450214.208 0.161698
2450217.208 0.165506
2450218.883 0.164385
2450219.208 0.164004
2450220.208 0.163022
2450220.896 0.166327
2450221.208 0.163799
2450222.909 0.165454
2450224.208 0.163551
2450224.922 0.162541
2450225.208 0.160753
2450226.208 0.163400
2450226.862 0.166522
2450227.208 0.161854
2450228.208 0.160170
2450228.875 0.161861
2450231.913 0.160987
2450232.208 0.161882
2450233.208 0.161777
2450233.926 0.161958
2450234.208 0.162309
2450235.208 0.160163
2450235.840 0.165870
2450238.208 0.166525
2450239.208 0.163433
2450240.208 0.166125
2450245.931 0.164288
2450253.208 0.159277
2450254.208 0.162503
2450255.208 0.162113
2450255.959 0.163609
2450256.208 0.160841
2450257.972 0.167007
2450259.208 0.161332
2450260.208 0.162907
2450261.208 0.166470
2450264.011 0.168464
2450268.989 0.164871
2450270.208 0.163793
2450271.002 0.162638
2450273.208 0.161888
2450274.208 0.162966
2450276.208 0.163745
2450277.208 0.164439
2450281.208 0.160367
2450282.208 0.162061
2450283.043 0.166327
2450283.208 0.162077
2450285.056 0.163415
2450288.208 0.162409
2450289.208 0.161923
2450291.208 0.163635
2450294.208 0.166185
2450294.828 0.167200
2450295.208 0.165220
2450296.208 0.161683
2450297.098 0.162832
2450298.208 0.169141
2450301.208 0.166688
2450302.208 0.167215
2450303.100 0.166036
2450306.138 0.160890
2450308.208 0.163862
2450309.139 0.163900
2450309.208 0.163467
2450311.115 0.164968
2450312.208 0.163405
2450313.128 0.161375
2450315.208 0.163607
2450318.143 0.163415
2450324.182 0.162444
2450325.801 0.166070
2450326.158 0.163706
2450328.171 0.165065
2450330.208 0.164485
2450332.208 0.163213
2450333.208 0.162938
2450337.208 0.160229
2450340.212 0.161958
2450345.208 0.162910
2450346.208 0.162264
2450347.208 0.163978
2450347.240 0.167395
2450348.228 0.163900
2450350.208 0.162846
2450353.208 0.162141
2450353.816 0.163400
2450354.208 0.162752
2450357.208 0.163789
2450358.208 0.161922
2450359.208 0.166765
2450364.208 0.164401
2450364.259 0.166133
2450365.208 0.161702
2450366.208 0.159726
2450366.272 0.164677
2450367.208 0.161939
2450368.208 0.159676
2450371.208 0.160744
2450372.208 0.163091
2450373.208 0.163555
2450374.208 0.158888
2450375.208 0.160777
2450375.275 0.164483
2450380.289 0.168464
2450384.862 0.165130
2450387.208 0.162221
2450389.208 0.163571
2450392.208 0.161098
2450393.356 0.160793
2450394.208 0.163588
2450395.208 0.166227
2450395.369 0.169629
2450396.208 0.162458
2450397.345 0.158754
2450399.208 0.164789
2450400.208 0.166155
2450401.208 0.162850
2450406.208 0.165017
2450407.208 0.163940
2450408.208 0.166145
2450408.398 0.162444
2450410.208 0.161525
2450413.208 0.161167
2450414.208 0.164647
2450415.208 0.167291
2450420.208 0.160946
2450431.456 0.165162
2450434.208 0.165445
2450436.208 0.166201
2450437.208 0.164054
2450438.208 0.166636
2450441.208 0.163533
2450441.841 0.162900
2450444.208 0.162350
2450448.208 0.164287
2450449.208 0.164737
2450470.488 0.169240
2450473.208 0.161127
2450474.208 0.162123
2450476.208 0.161022
2450476.832 0.159330
2450477.208 0.161473
2450479.208 0.162257
2450479.503 0.165454
2450480.208 0.164457
2450480.525 0.153316
2450483.208 0.164066
2450484.208 0.164288
2450484.504 0.153122
2450485.208 0.164807
2450486.208 0.167103
2450486.475 0.165745
2450488.482 0.164677
2450490.208 0.161678
2450491.208 0.162159
2450493.519 0.160016
2450494.208 0.161943
2450495.490 0.162638
2450496.208 0.161535
2450497.208 0.162494
2450501.513 0.155064
2450511.208 0.163302
2450511.514 0.165939
2450512.208 0.167709
2450513.208 0.162320
2450513.485 0.165842
2450514.208 0.163266
2450515.208 0.164079
2450515.492 0.160307
2450517.500 0.160890
2450518.522 0.156909
2450519.208 0.166915
2450520.208 0.167755
2450520.529 0.164871
2450521.208 0.164810
2450522.208 0.165387
2450529.208 0.161945
2450532.208 0.162094
2450532.501 0.166036
2450534.509 0.163317
2450535.208 0.164022
2450536.516 0.162055
2450538.524 0.163706
2450547.208 0.165931
2450547.466 0.161667
2450548.208 0.163443
2450549.208 0.163076
2450553.208 0.168063
2450553.489 0.174678
2450554.208 0.167545
2450561.208 0.164321
2450561.519 0.167590
2450562.848 0.162670
2450567.208 0.165534
2450568.208 0.165973
2450569.208 0.166909
2450569.476 0.163706
2450570.208 0.166052
2450571.208 0.167315
2450571.483 0.158948
2450573.491 0.165551
2450574.208 0.167468
2450575.498 0.156521
2450576.208 0.165363
2450577.208 0.161902
2450577.506 0.165842
2450580.499 0.167590
2450581.521 0.158463
2450582.208 0.166493
2450583.208 0.166416
2450583.492 0.164483
2450584.514 0.168269
2450590.826 0.164330
2450591.485 0.164968
2450598.493 0.160016
2450599.515 0.164871
2450604.516 0.161278
2450605.208 0.163770
2450609.208 0.163595
2450610.208 0.163601
2450611.208 0.163343
2450612.208 0.164302
2450614.480 0.154676
2450616.488 0.160016
2450617.208 0.164955
2450618.208 0.162435
2450618.495 0.163123
2450620.208 0.163941
2450620.503 0.163609
2450622.510 0.149918
2450622.859 0.160570
2450623.208 0.165228
2450624.208 0.164292
2450624.518 0.166522
2450625.208 0.163562
2450626.525 0.161084
2450627.208 0.164371
2450628.496 0.163220
2450630.208 0.163972
2450630.467 0.167784
2450631.208 0.164933
2450632.208 0.163598
2450634.482 0.165939
2450636.489 0.162055
2450638.497 0.161958
2450640.504 0.162346
2450644.208 0.162567
2450645.208 0.162035
2450651.208 0.164721
2450652.846 0.162430
2450653.535 0.161861
2450655.469 0.165551
2450666.492 0.161375
2450668.500 0.170406
2450675.471 0.168949
2450677.208 0.165655
2450678.208 0.168214
2450678.501 0.165842
2450680.208 0.166823
2450681.208 0.165070
2450682.796 0.165370
2450683.208 0.168287
2450683.501 0.163706
2450686.208 0.164773
2450700.208 0.166886
2450702.208 0.165486
2450702.481 0.164288
2450703.208 0.167900
2450709.489 0.163220
2450709.825 0.164330
2450711.497 0.162444
2450714.526 0.163900
2450716.208 0.165096
2450716.534 0.164968
2450717.208 0.166294
2450718.208 0.167114
2450719.208 0.168841
2450720.208 0.167771
2450721.208 0.165075
2450721.498 0.162055
2450722.208 0.165145
2450724.491 0.164288
2450728.506 0.164871
2450732.521 0.169337
2450735.514 0.165454
2450750.515 0.166910
2450752.486 0.162541
2450757.523 0.173513
2450759.531 0.168755
2450762.487 0.170891
2450766.804 0.166000
2450770.481 0.175552
2450773.510 0.168269
2450775.518 0.169046
2450777.208 0.166406
2450777.525 0.167493
2450778.208 0.165966
2450779.208 0.168534
2450786.504 0.172736
2450795.520 0.167687
2450795.841 0.161270
2450797.491 0.169143
2450799.208 0.166994
2450799.498 0.165842
2450800.208 0.166686
2450801.208 0.166695
2450802.208 0.166863
2450809.499 0.167104
2450811.507 0.166327
2450812.208 0.168440
2450814.208 0.169095
2450815.486 0.164968
2450816.208 0.168274
2450819.501 0.167590
2450821.208 0.165924
2450821.508 0.165551
2450828.480 0.169117
2450830.487 0.167506
2450836.208 0.167902
2450836.510 0.169212
2450837.208 0.167543
2450838.517 0.167885
2450840.208 0.163601
2450841.208 0.168311
2450842.208 0.168473
2450842.496 0.166463
2450843.208 0.166913
2450844.208 0.167441
2450847.208 0.164346
2450848.208 0.164858
2450856.838 0.164770
2450857.497 0.171013
2450862.208 0.169512
2450864.505 0.169591
2450869.208 0.166225
2450873.484 0.166368
2450875.208 0.167779
2450875.492 0.168264
2450876.208 0.167649
2450877.208 0.162459
2450878.208 0.165944
2450882.208 0.164493
2450882.500 0.165894
2450883.208 0.165126
2450884.853 0.165630
2450885.208 0.163998
2450886.208 0.167737
2450891.479 0.172435
2450892.208 0.168713
2450893.208 0.168004
2450896.208 0.168357
2450898.487 0.170823
2450904.208 0.169683
2450905.208 0.167502
2450906.208 0.168425
2450907.208 0.168931
2450907.502 0.171203
2450912.208 0.172245
2450913.208 0.172473
2450914.474 0.174805
2450914.840 0.172400
2450924.511 0.168738
2450925.208 0.166956
2450926.208 0.168923
2450926.519 0.168264
2450927.208 0.168206
2450928.208 0.166780
2450933.208 0.166170
2450934.208 0.166846
2450935.208 0.167291
2450938.208 0.170993
2450939.208 0.170440
2450940.208 0.172439
2450940.498 0.171866
2450945.499 0.166842
2450949.208 0.172684
2450949.514 0.167126
2450951.521 0.166747
2450953.208 0.166205
2450953.529 0.171582
2450954.208 0.166736
2450955.536 0.167411
2450956.208 0.164646
2450957.471 0.166178
2450959.478 0.165894
2450961.486 0.167600
2450963.208 0.166463
2450963.493 0.166368
2450966.208 0.161743
2450966.486 0.169496
2450967.208 0.164945
2450968.208 0.166434
2450969.208 0.166304
2450973.208 0.168647
2450973.531 0.174426
2450974.208 0.167948
2450975.465 0.170539
2450976.208 0.166303
2450977.208 0.167552
2450977.473 0.168643
2450978.831 0.173400
2450979.480 0.168738
2450980.208 0.166122
2450981.208 0.165929
2450982.208 0.167658
2450982.510 0.166178
2450983.208 0.166383
2450984.208 0.169983
2450984.481 0.168453
2450986.488 0.166937
2450987.510 0.166652
2450989.208 0.168976
2450989.518 0.165799
2450990.208 0.168653
2450991.208 0.167730
2450991.525 0.167126
2450994.208 0.172285
2450995.208 0.173374
2450997.475 0.167245
2450999.482 0.174137
2451002.475 0.172667
2451003.208 0.173372
2451003.851 0.167230
2451004.483 0.167797
2451005.208 0.170434
2451006.490 0.167889
2451008.208 0.169212
2451008.498 0.165867
2451009.208 0.169746
2451010.208 0.169889
2451010.505 0.165683
2451012.513 0.166510
2451016.208 0.169970
2451016.528 0.164489
2451019.484 0.172391
2451022.477 0.169451
2451023.208 0.173722
2451024.208 0.174818
2451027.514 0.174229
2451029.485 0.174321
2451032.815 0.168700
2451033.500 0.170462
2451037.515 0.172667
2451038.208 0.174386
2451040.208 0.172032
2451040.472 0.170370
2451043.208 0.169784
2451043.501 0.166878
2451044.208 0.171353
2451045.509 0.169543
2451048.502 0.171013
2451050.208 0.175288
2451052.208 0.173378
2451053.208 0.173510
2451053.502 0.170278
2451055.510 0.169818
2451057.208 0.173406
2451058.208 0.170454
2451059.208 0.171772
2451060.208 0.171157
2451061.208 0.170516
2451063.862 0.169000
2451066.496 0.170921
2451071.497 0.168807
2451075.512 0.169635
2451078.505 0.170002
2451081.208 0.172215
2451082.520 0.173310
2451086.208 0.168807
2451087.208 0.171781
2451087.484 0.175240
2451089.208 0.172306
2451092.208 0.174892
2451092.484 0.171564
2451093.208 0.171765
2451094.208 0.171657
2451094.492 0.170002
2451095.208 0.171519
2451095.821 0.172750
2451096.208 0.171845
2451096.499 0.171013
2451098.208 0.169532
2451099.208 0.168916
2451099.492 0.169267
2451100.208 0.169348
2451101.208 0.169013
2451101.500 0.169910
2451102.208 0.172189
2451103.208 0.171231
2451113.208 0.167695
2451115.208 0.168529
2451115.516 0.176618
2451116.208 0.168018
2451120.208 0.170702
2451121.208 0.169451
2451121.502 0.173218
2451121.863 0.176900
2451122.208 0.173733
2451123.208 0.172207
2451123.509 0.177629
2451124.208 0.173025
2451128.208 0.166730
2451129.208 0.167088
2451131.208 0.165905
2451134.208 0.170325
2451135.208 0.170341
2451136.208 0.168144
2451137.208 0.166644
2451141.208 0.167979
2451142.208 0.166523
2451148.208 0.171356
2451149.208 0.177564
2451150.828 0.178930
2451152.208 0.173351
2451155.208 0.169394
2451155.483 0.171720
2451156.208 0.170611
2451158.513 0.173232
2451159.208 0.170415
2451160.520 0.171518
2451162.208 0.171075
2451162.491 0.171216
2451163.208 0.170322
2451164.208 0.169435
2451165.208 0.168655
2451166.506 0.173937
2451169.536 0.173332
2451171.470 0.174441
2451176.507 0.175549
2451178.515 0.176255
2451180.485 0.172929
2451180.851 0.175230
2451183.515 0.179177
2451185.522 0.178270
2451186.208 0.172415
2451187.530 0.173332
2451189.464 0.171922
2451190.208 0.171108
2451191.472 0.168294
2451192.208 0.171731
2451193.208 0.171696
2451193.479 0.168596
2451194.208 0.172342
2451198.208 0.175706
2451198.480 0.177666
2451199.208 0.175674
2451201.208 0.178056
2451201.510 0.175146
2451205.208 0.175569
2451207.496 0.174542
2451209.503 0.171115
2451211.208 0.167092
2451211.824 0.169370
2451212.533 0.169604
2451214.208 0.166228
2451216.475 0.169301
2451218.208 0.166022
2451218.482 0.175146
2451219.208 0.170830
2451220.208 0.168930
2451221.208 0.172462
2451221.512 0.173232
2451222.208 0.174670
2451223.519 0.172829
2451225.490 0.174844
2451226.208 0.177909
2451227.208 0.179164
2451227.498 0.177464
2451228.208 0.171304
2451229.208 0.175525
2451229.505 0.175146
2451231.513 0.174542
2451232.208 0.173025
2451233.208 0.173916
2451233.484 0.175449
2451234.208 0.173046
2451235.208 0.174059
2451236.208 0.168763
2451239.208 0.168771
2451239.839 0.170230
2451240.208 0.172294
2451241.208 0.171218
2451243.208 0.171325
2451243.485 0.172325
2451246.208 0.170843
2451246.514 0.172627
2451247.208 0.170418
2451248.521 0.174340
2451249.208 0.168865
2451251.515 0.176456
2451253.208 0.175784
2451253.522 0.182604
2451254.208 0.176818
2451257.208 0.171735
2451257.501 0.173937
2451260.208 0.169435
2451260.493 0.173836
2451261.208 0.167010
2451262.208 0.170265
2451262.501 0.170813
2451263.208 0.168829
2451264.508 0.170712
2451266.516 0.168394
2451267.208 0.169818
2451268.208 0.167358
2451268.524 0.170914
2451269.208 0.167565
2451270.208 0.167005
2451273.844 0.177470
2451274.208 0.169753
2451275.208 0.169096
2451275.532 0.176356
2451277.208 0.173601
2451277.466 0.176053
2451278.208 0.173257
2451279.473 0.177666
2451281.481 0.179177
2451282.208 0.171012
2451283.208 0.169926
2451283.488 0.170612
2451284.208 0.169565
2451285.208 0.167842
2451285.496 0.172728
2451288.208 0.168951
2451288.489 0.173937
2451289.208 0.168690
2451290.208 0.167038
2451292.208 0.169233
2451295.208 0.166652
2451295.461 0.176154
2451296.208 0.169754
2451298.208 0.166345
2451299.208 0.172453
2451299.850 0.165300
2451301.483 0.181092
2451302.208 0.173644
2451303.490 0.174743
2451304.208 0.175207
2451305.208 0.176064
2451306.208 0.178844
2451306.484 0.179681
2451308.491 0.176960
2451310.498 0.175348
2451311.208 0.179236
2451312.208 0.175965
2451312.506 0.179077
2451314.513 0.175549
2451316.208 0.172469
2451316.521 0.174139
2451318.208 0.171668
2451318.529 0.172728
2451319.208 0.170134
2451320.208 0.168073
2451321.485 0.173030
2451324.208 0.171540
2451325.208 0.174268
2451327.208 0.177552
2451327.828 0.173300
2451328.493 0.174642
2451330.501 0.180084
2451333.493 0.176658
2451336.523 0.179278
2451337.208 0.181539
2451338.208 0.181435
2451338.530 0.173937
2451339.208 0.180751
2451340.208 0.175803
2451340.465 0.169402
2451341.208 0.174372
2451341.487 0.175449
2451346.208 0.174489
2451348.495 0.170712
2451350.502 0.170914
2451352.208 0.177910
2451352.510 0.171015
2451353.208 0.180076
2451354.518 0.177464
2451355.208 0.180470
2451357.851 0.173400
2451358.208 0.181356
2451358.496 0.179379
2451359.208 0.181321
2451360.208 0.182697
2451360.467 0.177666
2451366.490 0.169906
2451373.498 0.172022
2451375.505 0.173131
2451377.513 0.172829
2451379.520 0.172224
2451382.513 0.172526
2451385.866 0.168330
2451386.492 0.171115
2451388.499 0.170511
2451390.507 0.171619
2451391.492 0.173534
2451393.499 0.176860
2451397.515 0.170007
2451403.464 0.172829
2451407.479 0.171922
2451408.501 0.168495
2451410.508 0.165875
2451411.494 0.175348
2451412.479 0.175348
2451415.853 0.175700
2451416.208 0.172933
2451417.516 0.177061
2451421.208 0.175114
2451422.208 0.180564
2451422.517 0.177968
2451423.208 0.176195
2451424.524 0.174239
2451425.208 0.173470
2451426.532 0.173836
2451429.208 0.167615
2451432.208 0.170830
2451435.208 0.171952
2451436.208 0.172335
2451437.518 0.179177
2451440.512 0.175449
2451442.208 0.164778
2451442.519 0.175146
2451448.468 0.174642
2451450.476 0.173736
2451452.484 0.171922
2451453.208 0.170520
2451454.491 0.171922
2451456.499 0.173232
2451458.506 0.174441
2451460.513 0.174139
2451462.521 0.172325
2451463.208 0.175509
2451464.208 0.176606
2451464.492 0.171922
2451465.208 0.177473
2451466.208 0.176840
2451466.499 0.176860
2451467.208 0.176771
2451468.470 0.173736
2451470.208 0.174811
2451470.478 0.174743
2451471.208 0.171212
2451472.208 0.169399
2451472.485 0.171922
2451473.208 0.170163
2451474.208 0.170926
2451476.850 0.175230
2451477.208 0.172412
2451477.486 0.172224
2451478.208 0.175624
2451479.208 0.174605
2451479.493 0.175751
2451480.208 0.174707
2451481.501 0.177162
2451483.508 0.174743
2451484.208 0.175915
2451485.516 0.172929
2451486.208 0.170030
2451487.208 0.172844
2451487.524 0.168898
2451488.208 0.170969
2451491.208 0.176964
2451491.465 0.175751
2451492.208 0.179963
2451493.208 0.177619
2451493.473 0.175449
2451494.208 0.178587
2451495.208 0.179453
2451495.481 0.172022
2451497.488 0.178069
2451498.208 0.178235
2451499.208 0.176450
2451499.496 0.179681
2451500.208 0.173642
2451501.208 0.175641
2451501.503 0.174441
2451502.208 0.174297
2451503.510 0.171115
2451505.208 0.178020
2451505.518 0.170108
2451505.814 0.174930
2451506.208 0.174302
2451507.208 0.175751
2451507.525 0.168898
2451509.496 0.170309
2451512.208 0.171371
2451513.208 0.169714
2451515.208 0.172274
2451515.482 0.175549
2451516.208 0.173169
2451517.490 0.173836
2451519.208 0.176291
2451519.498 0.170410
2451520.208 0.176555
2451521.208 0.177250
2451522.208 0.176691
2451524.498 0.173937
2451526.505 0.174038
2451530.208 0.177414
2451530.521 0.181999
2451532.528 0.168898
2451534.208 0.180318
2451535.208 0.177586
2451535.485 0.172526
2451536.208 0.177597
2451536.470 0.178069
2451536.824 0.173370
2451540.208 0.172352
2451540.485 0.174340
2451542.208 0.169466
2451543.208 0.170517
2451547.208 0.174536
2451548.208 0.175985
2451549.208 0.174991
2451549.514 0.177565
2451551.527 0.174945
2451553.540 0.175549
2451566.811 0.169930
2451567.558 0.179782
2451568.208 0.170604
2451571.208 0.172266
2451572.208 0.167808
2451577.208 0.170816
2451578.208 0.172659
2451579.208 0.173615
2451582.208 0.177247
2451583.208 0.178340
2451585.208 0.176295
2451586.208 0.177136
2451589.208 0.173434
2451590.208 0.171291
2451591.208 0.176409
2451592.208 0.171216
2451593.208 0.166790
2451593.839 0.175430
2451598.208 0.172423
2451600.208 0.176750
2451602.657 0.175843
2451603.208 0.185513
2451604.208 0.179591
2451605.208 0.171133
2451606.208 0.179255
2451606.683 0.184096
2451607.208 0.178834
2451610.208 0.176448
2451612.208 0.175859
2451613.208 0.177907
2451614.208 0.178386
2451614.699 0.187300
2451617.700 0.188271
2451620.738 0.170406
2451621.854 0.174470
2451622.714 0.169337
2451627.208 0.179473
2451627.728 0.175066
2451628.208 0.183073
2451629.741 0.189728
2451631.208 0.183504
2451633.208 0.186812
2451634.208 0.183676
2451638.208 0.183555
2451638.782 0.190310
2451639.208 0.181552
2451640.208 0.180224
2451640.795 0.188854
2451641.208 0.179729
2451642.208 0.179549
2451642.734 0.183902
2451644.747 0.185067
2451646.208 0.179998
2451646.760 0.189339
2451647.208 0.179043
2451649.208 0.178808
2451650.786 0.179241
2451652.799 0.181960
2451654.208 0.170550
2451654.812 0.173124
2451654.836 0.169030
2451655.208 0.176596
2451656.825 0.176523
2451659.208 0.177922
2451659.827 0.174095
2451660.208 0.179438
2451661.208 0.175810
2451662.208 0.177513
2451665.829 0.179241
2451666.208 0.175666
2451667.208 0.173498
2451668.208 0.170458
2451668.830 0.184096
2451669.208 0.172761
2451670.208 0.173819
2451670.843 0.179630
2451673.208 0.174298
2451674.208 0.173956
2451675.208 0.173938
2451675.857 0.184873
2451676.208 0.174576
2451680.208 0.180975
2451681.896 0.179727
2451682.208 0.182234
2451682.851 0.180530
2451684.208 0.181230
2451684.861 0.177202
2451688.887 0.175163
2451694.208 0.171368
2451695.914 0.186038
2451697.927 0.178562
2451699.940 0.183417
2451701.953 0.184096
2451702.208 0.179674
2451703.208 0.180578
2451703.966 0.179144
2451705.906 0.186329
2451707.919 0.179727
2451709.208 0.172065
2451710.208 0.177012
2451711.208 0.181728
2451711.945 0.179630
2451712.208 0.183394
2451713.824 0.177130
2451717.984 0.176717
2451722.010 0.170891
2451727.976 0.185164
2451729.208 0.172465
2451729.989 0.181086
2451731.014 0.179824
2451732.990 0.182057
2451737.016 0.187786
2451738.041 0.189922
2451740.208 0.179855
2451743.208 0.184523
2451743.848 0.173600
2451744.043 0.176134
2451748.069 0.177299
2451750.046 0.178270
2451750.208 0.183460
2451751.034 0.177785
2451751.208 0.183421
2451754.072 0.188077
2451755.060 0.186912
2451757.073 0.184970
2451757.208 0.175793
2451758.098 0.187689
2451761.099 0.184679
2451787.208 0.179133
2451788.183 0.189242
2451788.208 0.179508
2451789.171 0.181377
2451791.184 0.181183
2451793.160 0.180212
2451793.208 0.176244
2451798.175 0.179824
2451799.208 0.177551
2451800.208 0.172027
2451801.208 0.176322
2451803.858 0.170330
2451804.214 0.173221
2451809.228 0.173318
2451811.241 0.170211
2451813.208 0.176565
2451814.205 0.181669
2451814.208 0.172859
2451815.208 0.175985
2451816.208 0.178574
2451817.208 0.180651
2451817.243 0.184096
2451819.256 0.177397
2451820.208 0.177710
2451821.208 0.176473
2451821.233 0.176911
2451822.208 0.180325
2451823.208 0.173508
2451825.259 0.187203
2451828.296 0.173804
2451832.286 0.172250
2451833.311 0.169726
2451834.262 0.170600
2451835.324 0.170697
2451839.276 0.172347
2451844.208 0.177292
2451848.208 0.179531
2451850.208 0.180594
2451851.208 0.180140
2451852.208 0.181427
2451858.345 0.170211
2451862.371 0.170211
2451862.846 0.169730
2451863.359 0.169337
2451865.372 0.172639
2451867.385 0.173707
2451871.411 0.175455
2451872.399 0.180018
2451874.412 0.181669
2451876.208 0.177362
2451876.425 0.180504
2451877.208 0.176866
2451878.208 0.182116
2451879.208 0.175893
2451879.390 0.179241
2451880.208 0.178517
2451883.208 0.172677
2451883.416 0.177397
2451884.208 0.169684
2451884.404 0.173707
2451885.208 0.168490
2451886.208 0.166245
2451891.810 0.174470
2451892.208 0.176616
2451893.444 0.170017
2451894.208 0.179123
2451894.469 0.170308
2451897.208 0.175049
2451897.470 0.171765
2451898.208 0.174083
2451899.208 0.180322
2451900.208 0.181780
2451900.508 0.178173
2451903.473 0.179533
2451905.486 0.182737
2451906.208 0.179615
2451907.208 0.179265
2451908.208 0.179440
2451908.487 0.177397
2451910.500 0.177688
2451912.507 0.171765
2451914.515 0.176134
2451917.508 0.179630
2451924.479 0.180601
2451926.208 0.173591
2451929.208 0.176268
2451930.502 0.186718
2451931.487 0.181377
2451934.208 0.177464
2451936.208 0.177358
2451940.208 0.174375
2451941.208 0.175263
2451942.208 0.170654
2451942.474 0.178659
2451943.208 0.175600
2451946.208 0.176861
2451946.489 0.173027
2451947.208 0.179689
2451950.208 0.171630
2451950.504 0.171376
2451951.490 0.169435
2451952.512 0.169629
2451953.208 0.171300
2451953.497 0.168852
2451956.208 0.168521
2451957.208 0.171865
2451959.519 0.179533
2451960.505 0.180018
2451961.208 0.171566
2451962.208 0.172976
2451962.513 0.179144
2451963.208 0.173537
2451971.492 0.178950
2451978.208 0.173765
2451981.208 0.175414
2451982.208 0.174087
2451983.208 0.174195
2451983.500 0.170308
2451984.208 0.175423
2451985.208 0.171849
2451985.471 0.163706
2451987.479 0.176620
2451988.208 0.171548
2451988.501 0.186135
2451989.208 0.176258
2451992.208 0.175636
2451994.487 0.178562
2451995.208 0.188218
2451996.208 0.189330
2451998.208 0.183628
2451999.524 0.174484
2452003.208 0.180983
2452009.208 0.176637
2452011.208 0.176374
2452012.208 0.172553
2452013.208 0.170117
2452014.488 0.174095
2452016.208 0.172850
2452016.496 0.172736
2452017.208 0.171580
2452018.504 0.174386
2452019.208 0.176529
2452023.208 0.180633
2452023.504 0.174775
2452024.208 0.182997
2452025.208 0.181926
2452025.512 0.176717
2452029.490 0.173804
2452030.208 0.179861
2452031.498 0.176231
2452034.208 0.179369
2452035.476 0.175552
2452036.851 0.174170
2452037.208 0.176857
2452037.484 0.170406
2452038.208 0.175234
2452039.491 0.166813
2452040.208 0.167819
2452041.498 0.171571
2452044.492 0.171376
2452045.208 0.170354
2452046.208 0.172719
2452046.499 0.177397
2452047.208 0.170979
2452047.521 0.177979
2452048.208 0.172739
2452050.478 0.176523
2452051.208 0.175218
2452051.536 0.180989
2452052.208 0.180445
2452053.208 0.181586
2452053.470 0.177882
2452054.208 0.176849
2452055.208 0.174400
2452055.478 0.179630
2452058.507 0.179533
2452059.208 0.178563
2452060.208 0.176365
2452061.208 0.177732
2452061.501 0.177785
2452062.208 0.176293
2452064.493 0.172250
2452065.208 0.178003
2452065.516 0.169920
2452066.208 0.178329
2452067.208 0.172879
2452067.523 0.173221
2452067.824 0.172000
2452069.530 0.170600
2452071.465 0.170988
2452072.208 0.175051
2452072.487 0.169337
2452074.208 0.181104
2452075.208 0.181054
2452075.480 0.178950
2452076.208 0.176623
2452077.487 0.178562
2452079.208 0.178258
2452079.495 0.178562
2452081.502 0.181183
2452088.510 0.179241
2452089.208 0.177112
2452090.518 0.177494
2452092.525 0.184096
2452094.208 0.173687
2452094.533 0.182348
2452096.504 0.182154
2452101.208 0.172791
2452104.208 0.174605
2452107.490 0.172833
2452110.208 0.177747
2452112.527 0.176134
2452115.484 0.174386
2452117.492 0.171474
2452119.499 0.174872
2452125.863 0.176570
2452128.515 0.171376
2452133.515 0.172736
2452137.493 0.179144
2452138.208 0.177042
2452139.501 0.177494
2452141.508 0.179630
2452144.208 0.173189
2452144.502 0.178367
2452145.208 0.172308
2452146.208 0.173738
2452146.509 0.171182
2452148.516 0.173318
2452151.510 0.171279
2452152.818 0.172730
2452154.502 0.173901
2452157.532 0.173027
2452159.539 0.171571
2452161.474 0.184485
2452163.481 0.182640
2452169.504 0.179630
2452171.512 0.179727
2452173.208 0.180426
2452176.512 0.177008
2452178.208 0.183981
2452178.519 0.181280
2452179.208 0.179889
2452180.208 0.180950
2452180.490 0.177299
2452181.208 0.178791
2452183.484 0.178562
2452184.850 0.183370
2452185.208 0.172579
2452186.208 0.179212
2452187.208 0.180318
2452188.208 0.172221
2452189.506 0.180795
2452193.208 0.173807
2452193.521 0.178950
2452194.507 0.178367
2452195.492 0.179047
2452198.521 0.175843
2452201.478 0.184290
2452205.493 0.182251
2452206.208 0.177892
2452207.208 0.177909
2452207.501 0.183028
2452212.208 0.178584
2452212.501 0.179921
2452213.208 0.177129
2452215.208 0.180133
2452215.494 0.180115
2452216.208 0.178793
2452217.502 0.170891
2452221.208 0.176737
2452222.208 0.176563
2452222.465 0.181572
2452223.487 0.180795
2452225.495 0.178076
2452226.208 0.176022
2452227.502 0.179144
2452229.510 0.178853
2452232.503 0.175357
2452234.208 0.179537
2452235.208 0.178077
2452238.525 0.174386
2452243.208 0.172828
2452247.208 0.178567
2452248.208 0.180290
2452249.208 0.181312
2452249.476 0.180407
2452251.208 0.177065
2452258.208 0.183340
2452260.499 0.180504
2452261.208 0.179845
2452261.521 0.178076
2452262.208 0.182307
2452262.506 0.175649
2452263.208 0.179579
2452264.208 0.183242
2452265.208 0.184892
2452266.485 0.178270
2452268.492 0.176134
2452270.208 0.186501
2452274.515 0.184679
2452282.208 0.179436
2452283.208 0.180543
2452285.208 0.182032
2452285.464 0.184873
2452286.208 0.183358
2452287.472 0.180309
2452289.208 0.185166
2452289.479 0.180115
2452292.509 0.178853
2452295.502 0.175940
2452297.208 0.187960
2452297.510 0.172542
2452298.208 0.191016
2452300.208 0.181433
2452303.208 0.188098
2452309.482 0.176328
2452312.208 0.177681
2452312.475 0.173901
2452313.208 0.180191
2452314.208 0.179953
2452315.504 0.173707
2452317.208 0.183661
2452318.208 0.183268
2452318.497 0.178367
2452319.208 0.182691
2452320.208 0.184570
2452320.504 0.176911
2452321.208 0.185671
2452322.512 0.179241
2452326.208 0.184361
2452327.208 0.181721
2452327.513 0.174872
2452328.208 0.183767
2452330.469 0.175843
2452331.208 0.176374
2452332.208 0.182073
2452332.476 0.156424
2452333.836 0.180930
2452335.208 0.182884
2452338.208 0.174488
2452338.499 0.178367
2452339.208 0.175846
2452340.208 0.181881
2452342.514 0.176328
2452345.208 0.174943
2452345.507 0.179436
2452346.208 0.175305
2452347.208 0.175311
2452347.515 0.177785
2452349.208 0.180530
2452349.522 0.177008
2452352.208 0.176670
2452353.208 0.173558
2452353.501 0.177591
2452354.208 0.174549
2452355.208 0.172933
2452355.508 0.175357
2452356.208 0.172600
2452357.479 0.176426
2452360.208 0.173542
2452360.508 0.173707
2452360.828 0.183000
2452361.208 0.176665
2452362.516 0.175843
2452364.524 0.172153
2452366.208 0.176164
2452366.495 0.170406
2452368.208 0.174215
2452368.502 0.172445
2452369.208 0.173431
2452370.510 0.181572
2452372.481 0.177494
2452373.208 0.176055
2452374.208 0.175650
2452374.488 0.173513
2452375.208 0.177760
2452376.208 0.176243
2452376.495 0.178562
2452379.488 0.180504
2452380.208 0.174756
2452381.208 0.176129
2452382.482 0.176620
2452383.208 0.174712
2452384.208 0.175606
2452384.489 0.170988
2452386.496 0.181669
2452387.208 0.173980
2452389.526 0.173513
2452391.461 0.172056
2452394.490 0.168075
2452396.208 0.174967
2452397.208 0.174803
2452398.208 0.175469
2452398.505 0.172639
2452400.476 0.174095
2452401.208 0.175208
2452401.498 0.176328
2452402.208 0.178873
2452403.208 0.177990
2452404.208 0.179839
2452404.491 0.176717
2452406.498 0.177785
2452409.208 0.173926
2452409.492 0.178950
2452411.208 0.173137
2452411.499 0.179047
2452413.507 0.176911
2452415.478 0.178756
2452417.485 0.175552
2452419.493 0.176523
2452422.485 0.174386
2452423.208 0.178705
2452424.208 0.176982
2452424.493 0.170891
2452425.208 0.178241
2452426.208 0.180556
2452428.508 0.173513
2452430.208 0.177994
2452431.501 0.172833
2452433.508 0.177397
2452435.516 0.173998
2452437.487 0.176134
2452438.208 0.173596
2452439.208 0.171891
2452439.495 0.174386
2452441.502 0.176231
2452443.208 0.175777
2452444.208 0.177423
2452444.495 0.170211
2452445.208 0.176867
2452446.208 0.176980
2452447.488 0.171959
2452449.496 0.166813
2452453.510 0.172736
2452455.518 0.170697
2452457.208 0.170849
2452461.208 0.169941
2452461.504 0.174775
2452465.482 0.171085
2452467.490 0.171765
2452468.208 0.171062
2452469.498 0.175455
2452474.498 0.177105
2452476.505 0.175552
2452478.513 0.176911
2452479.535 0.175455
2452479.826 0.188070
2452481.208 0.167453
2452481.470 0.180989
2452485.484 0.179241
2452490.485 0.175455
2452494.500 0.174289
2452495.522 0.174872
2452499.208 0.176658
2452503.479 0.180018
2452505.487 0.170211
2452508.208 0.177607
2452508.827 0.185870
2452509.208 0.176240
2452510.208 0.176814
2452511.509 0.173027
2452512.495 0.168852
2452513.208 0.170670
2452514.208 0.175121
2452514.502 0.175552
2452516.208 0.170552
2452517.208 0.169942
2452517.495 0.170503
2452519.502 0.175163
2452521.208 0.174047
2452522.532 0.179727
2452523.208 0.175883
2452530.489 0.175163
2452532.496 0.180601
2452533.518 0.178270
2452536.512 0.183417
2452538.519 0.175455
2452538.851 0.183730
2452539.505 0.178465
2452542.534 0.172930
2452543.208 0.172798
2452544.208 0.170002
2452545.208 0.170391
2452548.484 0.172056
2452550.208 0.175570
2452552.208 0.173992
2452552.499 0.180698
2452553.484 0.176814
2452557.499 0.175357
2452558.208 0.173518
2452558.521 0.177105
2452559.208 0.171241
2452562.208 0.173249
2452563.208 0.172019
2452567.500 0.172930
2452569.471 0.173027
2452573.208 0.173421
2452573.486 0.169823
2452577.208 0.170518
2452578.208 0.170004
2452579.208 0.172134
2452580.494 0.172639
2452581.516 0.176037
2452584.208 0.173762
2452584.509 0.177688
2452585.208 0.174423
2452586.208 0.172541
2452586.516 0.182640
2452590.208 0.172601
2452591.208 0.172569
2452591.481 0.172930
2452592.208 0.167383
2452592.502 0.170114
2452593.208 0.170454
2452595.496 0.171765
2452597.503 0.171474
2452598.208 0.174493
2452598.488 0.169337
2452599.208 0.172372
2452600.496 0.170406
2452601.518 0.165648
2452601.856 0.180270
2452606.518 0.166327
2452613.490 0.179824
2452614.476 0.175940
2452617.505 0.179630
2452618.490 0.174581
2452621.520 0.174969
2452636.485 0.170600
2452639.515 0.170017
2452640.208 0.168559
2452640.500 0.171376
2452642.208 0.169015
2452643.208 0.168716
2452643.493 0.172347
2452645.501 0.169823
2452647.208 0.170917
2452647.508 0.171765
2452653.494 0.172445
2452654.479 0.162152
2452656.487 0.171182
2452662.510 0.166910
2452665.502 0.161958
2452667.510 0.170017
2452669.208 0.170457
2452670.208 0.171299
2452670.503 0.183125
2452671.525 0.175843
2452674.208 0.169021
2452675.208 0.169790
2452677.208 0.171336
2452678.208 0.175743
2452678.496 0.172736
2452680.504 0.169046
2452681.208 0.170604
2452687.512 0.166327
2452690.505 0.165842
2452692.513 0.165648
2452699.208 0.172840
2452705.507 0.174289
2452706.208 0.179811
2452706.492 0.177979
2452709.208 0.172451
2452709.521 0.170406
2452710.507 0.170017
2452712.208 0.170463
2452712.515 0.169532
2452724.487 0.167881
2452725.208 0.172176
2452725.508 0.166813
2452727.516 0.169629
2452729.524 0.174775
2452730.208 0.175712
2452731.495 0.175357
2452733.208 0.176321
2452734.524 0.173610
2452737.481 0.170794
2452738.208 0.171261
2452738.466 0.172056
2452740.473 0.169046
2452741.208 0.171081
2452743.503 0.163900
2452746.208 0.169949
2452746.496 0.167395
2452747.482 0.166327
2452750.511 0.168269
2452751.208 0.173550
2452751.496 0.167978
2452752.208 0.174243
2452754.526 0.169823
2452755.512 0.173221
2452757.519 0.169823
2452758.208 0.174499
2452760.208 0.174025
2452760.476 0.170600
2452761.208 0.171680
2452761.498 0.173804
2452764.490 0.174775
2452765.208 0.167109
2452767.208 0.166227
2452767.484 0.176523
2452769.491 0.164191
2452770.513 0.164968
2452773.208 0.166290
2452775.208 0.166812
2452776.208 0.167412
2452779.208 0.170596
2452794.493 0.168172
2452795.516 0.166425
2452797.523 0.165454
2452801.465 0.168075
2452802.487 0.170406
2452804.495 0.166910
2452807.487 0.165551
2452809.495 0.169629
2452812.488 0.167978
2452816.503 0.172445
2452817.525 0.171376
2452818.510 0.171571
2452821.467 0.178270
2452822.208 0.173765
2452823.208 0.176570
2452823.475 0.172445
2452824.208 0.174573
2452829.208 0.171808
2452830.208 0.173357
2452832.490 0.175260
2452833.512 0.163803
2452839.498 0.165356
2452843.513 0.173416
2452856.507 0.176523
2452857.493 0.174969
2452863.515 0.167978
2452865.522 0.165356
2452870.487 0.168269
2452872.494 0.169435
2452873.208 0.170232
2452880.208 0.171383
2452881.208 0.171234
2452881.510 0.166522
2452891.208 0.167699
2452895.208 0.168970
2452899.208 0.168674
2452899.504 0.164580
2452901.208 0.168724
2452901.512 0.167007
2452906.512 0.163512
2452911.476 0.173221
2452912.208 0.169383
2452913.484 0.174484
2452914.208 0.170473
2452928.521 0.167881
2452930.529 0.161278
2452931.478 0.164580
2452934.471 0.171182
2452935.493 0.171182
2452937.208 0.176587
2452937.501 0.170308
2452939.508 0.177397
2452942.208 0.178866
2452944.208 0.179901
2452948.208 0.167208
2452949.208 0.168137
2452949.509 0.171862
2452960.496 0.169629
2452962.208 0.172330
2452963.488 0.169920
2452964.208 0.179158
2452965.496 0.172930
2452968.208 0.175448
2452968.525 0.181669
2452970.208 0.176598
2452970.496 0.181183
2452975.208 0.169676
2452976.482 0.171862
2452977.208 0.169868
2452985.208 0.165225
2452990.208 0.165878
2452992.208 0.167212
2452997.208 0.177150
2453000.208 0.171430