-1726.5	0.0011110000000000148	0.0010119227045580139
-1719.5	0.002057000000000017	0.0010119227045580139
-1714.5	-0.001227999999999993	0.0010119227045580139
-1710.5	-0.000671999999999992	0.0010119227045580139
-1699.5	-0.0017569999999999947	0.0010119227045580139
-1698.5	-0.001558999999999991	0.0010119227045580139
-1652.5	-0.0018089999999999912	0.0010119227045580139
-1650.5	-0.0018059999999999882	0.0010119227045580139
-1633.5	-0.002690999999999985	0.0010119227045580139
-1627.5	-0.003034999999999996	0.0010119227045580139
-1601.5	-0.0032360000000000028	0.0010119227045580139
-1598.5	-0.0027499999999999886	0.0010119227045580139
-1545.5	-0.003969999999999987	0.0010119227045580139
-1526.5	-0.000779999999999989	0.0010119227045580139
-1524.5	-0.00176999999999998	0.0010119227045580139
-1523.5	-0.0012809999999999905	0.0010119227045580139
-1520.5	-0.0014929999999999805	0.0010119227045580139
-1519.5	-0.0019669999999999827	0.0010119227045580139
-1518.5	-0.0012449999999999822	0.0010119227045580139
-1515.5	-0.0033059999999999895	0.0010119227045580139
-1514.5	-0.0029600000000000043	0.0010119227045580139
-1512.5	-0.003997999999999988	0.0010119227045580139
-1511.5	-0.0036739999999999967	0.0010119227045580139
-1510.5	-0.0051079999999999876	0.0010119227045580139
-1509.5	-0.002028999999999989	0.0010119227045580139
-1507.5	-0.001340999999999995	0.0010119227045580139
-1506.5	0.0016380000000000144	0.0010119227045580139
-1503.5	0.0017680000000000057	0.0010119227045580139
-1502.5	0.006163000000000016	0.0010119227045580139
-1501.5	0.003990000000000007	0.0010119227045580139
-1498.5	0.0007440000000000085	0.0010119227045580139
-1497.5	0.0002420000000000061	0.0010119227045580139
-1496.5	-0.0007110000000000033	0.0010119227045580139
-1495.5	-0.0013649999999999912	0.0010119227045580139
-1494.5	0.0004170000000000146	0.0010119227045580139
-1493.5	-0.0008359999999999895	0.0010119227045580139
-1492.5	0.0033230000000000065	0.0010119227045580139
-1491.5	0.0007069999999999993	0.0010119227045580139
-1490.5	-0.0007609999999999978	0.0010119227045580139
-1489.5	-0.0008009999999999823	0.0010119227045580139
-1488.5	-0.0011939999999999867	0.0010119227045580139
-1487.5	-0.0016560000000000047	0.0010119227045580139
-1486.5	-0.000788999999999998	0.0010119227045580139
-1484.5	-0.002769999999999981	0.0010119227045580139
-1483.5	-0.0018319999999999864	0.0010119227045580139
-1481.5	-0.0013699999999999962	0.0010119227045580139
-1478.5	0.002714000000000008	0.0010119227045580139
-1477.5	0.0051370000000000166	0.0010119227045580139
-1475.5	0.004621	0.0010119227045580139
-1474.5	0.006363999999999995	0.0010119227045580139
-1472.5	0.0016530000000000017	0.0010119227045580139
-1471.5	0.0029789999999999955	0.0010119227045580139
-1470.5	0.0014050000000000035	0.0010119227045580139
-1469.5	0.0003620000000000151	0.0010119227045580139
-1468.5	-0.00024799999999998434	0.0010119227045580139
-1467.5	-0.0006399999999999878	0.0010119227045580139
-1466.5	-0.0033109999999999945	0.0010119227045580139
-1460.5	-0.0027680000000000066	0.0010119227045580139
-1454.5	0.0011880000000000085	0.0010119227045580139
-1453.5	-0.0009459999999999885	0.0010119227045580139
-1452.5	0.0001410000000000161	0.0010119227045580139
-1451.5	0.004198999999999994	0.0010119227045580139
-1447.5	0.003825000000000009	0.0010119227045580139
-1446.5	0.0007270000000000193	0.0010119227045580139
-1439.5	0.0008780000000000038	0.0010119227045580139
-1438.5	0.0008260000000000073	0.0010119227045580139
-1436.5	0.0023300000000000126	0.0010119227045580139
-1435.5	-0.0006229999999999986	0.0010119227045580139
-1434.5	0.001682000000000003	0.0010119227045580139
-1431.5	-0.00010699999999998211	0.0010119227045580139
-1429.5	-0.00013999999999998736	0.0010119227045580139
-1428.5	-0.0038559999999999844	0.0010119227045580139
-1427.5	-0.002454999999999999	0.0010119227045580139
-1426.5	-0.000662999999999983	0.0010119227045580139
-1425.5	0.0001450000000000201	0.0010119227045580139
-1424.5	-0.0009189999999999893	0.0010119227045580139
-1421.5	0.003832000000000016	0.0010119227045580139
-1420.5	0.00136600000000002	0.0010119227045580139
-1418.5	-0.0028269999999999823	0.0010119227045580139
-1416.5	-0.0005629999999999941	0.0010119227045580139
-1415.5	-0.0005160000000000026	0.0010119227045580139
-1414.5	0.0005320000000000186	0.0010119227045580139
-1412.5	0.004998000000000016	0.0010119227045580139
-1410.5	0.002016000000000004	0.0010119227045580139
-1408.5	-0.0009529999999999955	0.0010119227045580139
-1407.5	-0.002912999999999985	0.0010119227045580139
-1404.5	-0.0059889999999999805	0.0010119227045580139
-1403.5	-0.004505999999999996	0.0010119227045580139
-1402.5	-0.0025130000000000013	0.0010119227045580139
-1401.5	-0.0026469999999999966	0.0010119227045580139
-1397.5	0.004736000000000004	0.0010119227045580139
-1395.5	0.0015359999999999957	0.0010119227045580139
-1390.5	-0.0030899999999999955	0.0010119227045580139
-1389.5	-0.002143999999999993	0.0010119227045580139
-1385.5	-0.0019360000000000072	0.0010119227045580139
-1384.5	-0.002457000000000001	0.0010119227045580139
-1383.5	-0.0009340000000000043	0.0010119227045580139
-1382.5	-0.0021919999999999856	0.0010119227045580139
-1381.5	-0.0009739999999999888	0.0010119227045580139
-1379.5	-0.003242999999999982	0.0010119227045580139
-1374.5	0.0001870000000000066	0.0010119227045580139
-1371.5	-0.0007039999999999963	0.0010119227045580139
-1370.5	-0.0020539999999999864	0.0010119227045580139
-1369.5	-0.0010879999999999918	0.0010119227045580139
-1368.5	-0.0013959999999999945	0.0010119227045580139
-1366.5	-0.0032149999999999818	0.0010119227045580139
-1349.5	-0.004030999999999993	0.0010119227045580139
-1347.5	-0.002125000000000002	0.0010119227045580139
-1341.5	-0.0005529999999999841	0.0010119227045580139
-1333.5	-0.0027499999999999886	0.0010119227045580139
-1332.5	-0.00438899999999999	0.0010119227045580139
-1329.5	-0.004909999999999984	0.0010119227045580139
-1325.5	-0.004334999999999992	0.0010119227045580139
-1324.5	-0.0033149999999999985	0.0010119227045580139
-1319.5	-0.003812999999999997	0.0010119227045580139
-1316.5	-0.002704999999999999	0.0010119227045580139
-1315.5	-0.0019279999999999992	0.0010119227045580139
-1303.5	-0.0023969999999999964	0.0010119227045580139
-1297.5	-0.00222399999999999	0.0010119227045580139
-1294.5	-0.006823999999999983	0.0010119227045580139
-1290.5	-0.004205	0.0010119227045580139
-1283.5	-0.0028379999999999933	0.0010119227045580139
-1282.5	-0.0031790000000000013	0.0010119227045580139
-1281.5	-0.0037890000000000007	0.0010119227045580139
-1275.5	-0.0061109999999999914	0.0010119227045580139
-1267.5	-0.005405000000000007	0.0010119227045580139
-1265.5	-0.0051099999999999896	0.0010119227045580139
-1256.5	-0.006640999999999994	0.0010119227045580139
-1250.5	-0.003703999999999999	0.0010119227045580139
-1249.5	-0.005372000000000002	0.0010119227045580139
-1248.5	-0.004778999999999992	0.0010119227045580139
-1243.5	-0.00776499999999998	0.0010119227045580139
-1242.5	-0.008206000000000005	0.0010119227045580139
-1239.5	-0.008021999999999987	0.0010119227045580139
-1237.5	-0.0028450000000000003	0.0010119227045580139
-1228.5	-0.007116999999999998	0.0010119227045580139
-1227.5	-0.007670999999999997	0.0010119227045580139
-1226.5	-0.006222999999999992	0.0010119227045580139
-1225.5	-0.00669199999999999	0.0010119227045580139
-1223.5	-0.0057719999999999855	0.0010119227045580139
-1222.5	-0.006832999999999992	0.0010119227045580139
-1221.5	-0.006973999999999994	0.0010119227045580139
-1220.5	-0.007159999999999986	0.0010119227045580139
-1218.5	-0.006080999999999989	0.0010119227045580139
-1217.5	-0.005585999999999994	0.0010119227045580139
-1213.5	-0.005632999999999985	0.0010119227045580139
-1212.5	-0.006521999999999986	0.0010119227045580139
-1203.5	-0.0017609999999999987	0.0010119227045580139
-1189.5	-0.001120999999999997	0.0010119227045580139
-1188.5	-0.005173999999999998	0.0010119227045580139
-1186.5	-0.004208000000000003	0.0010119227045580139
-1178.5	-0.0059030000000000055	0.0010119227045580139
-1174.5	-0.005573999999999982	0.0010119227045580139
-1173.5	-0.004528999999999991	0.0010119227045580139
-1172.5	-0.004854999999999984	0.0010119227045580139
-1166.5	-0.0055449999999999805	0.0010119227045580139
-1165.5	-0.00527699999999999	0.0010119227045580139
-1164.5	-0.005794999999999981	0.0010119227045580139
-1162.5	-0.008121000000000003	0.0010119227045580139
-1161.5	-0.006222999999999992	0.0010119227045580139
-1155.5	-0.005638999999999991	0.0010119227045580139
-1154.5	-0.006156999999999982	0.0010119227045580139
-1136.5	-0.004959000000000005	0.0010119227045580139
-1131.5	-0.0072610000000000036	0.0010119227045580139
-1128.5	-0.00707099999999998	0.0010119227045580139
-1125.5	-0.00562	0.0010119227045580139
-1121.5	-0.0059949999999999865	0.0010119227045580139
-1119.5	-0.006061999999999998	0.0010119227045580139
-1118.5	-0.006874000000000005	0.0010119227045580139
-1117.5	-0.005698999999999996	0.0010119227045580139
-1116.5	-0.006131999999999985	0.0010119227045580139
-1114.5	-0.005959000000000006	0.0010119227045580139
-1112.5	-0.005594000000000002	0.0010119227045580139
-1109.5	-0.006264000000000006	0.0010119227045580139
-1108.5	-0.00594299999999999	0.0010119227045580139
-1103.5	-0.0038599999999999884	0.0010119227045580139
-1101.5	-0.0072409999999999836	0.0010119227045580139
-1099.5	-0.006523999999999988	0.0010119227045580139
-1098.5	-0.0075799999999999895	0.0010119227045580139
-1097.5	-0.005851999999999982	0.0010119227045580139
-1087.5	-0.004562999999999998	0.0010119227045580139
-1084.5	-0.007993999999999987	0.0010119227045580139
-1083.5	-0.004543000000000005	0.0010119227045580139
-1081.5	-0.004780999999999994	0.0010119227045580139
-1077.5	-0.003977999999999995	0.0010119227045580139
-1074.5	-0.006457000000000004	0.0010119227045580139
-1065.5	-0.004715999999999984	0.0010119227045580139
-1064.5	-0.007452	0.0010119227045580139
-1063.5	-0.007957000000000006	0.0010119227045580139
-1062.5	-0.008229	0.0010119227045580139
-1059.5	-0.0059949999999999865	0.0010119227045580139
-1058.5	-0.006582999999999992	0.0010119227045580139
-1056.5	-0.0057910000000000045	0.0010119227045580139
-1055.5	-0.006697999999999996	0.0010119227045580139
-1054.5	-0.004626000000000005	0.0010119227045580139
-1051.5	-0.004279999999999992	0.0010119227045580139
-1050.5	-0.00526699999999998	0.0010119227045580139
-1044.5	-0.005384999999999987	0.0010119227045580139
-1039.5	-0.005721999999999991	0.0010119227045580139
-1036.5	-0.005810999999999997	0.0010119227045580139
-1035.5	-0.004317000000000001	0.0010119227045580139
-1033.5	-0.005317000000000002	0.0010119227045580139
-1032.5	-0.0050150000000000056	0.0010119227045580139
-1026.5	-0.005283999999999997	0.0010119227045580139
-1025.5	-0.00466599999999999	0.0010119227045580139
-1024.5	-0.005633999999999986	0.0010119227045580139
-1023.5	-0.0050130000000000036	0.0010119227045580139
-1022.5	-0.004321000000000005	0.0010119227045580139
-1021.5	-0.005265000000000006	0.0010119227045580139
-1020.5	-0.0050089999999999996	0.0010119227045580139
-1019.5	-0.005760000000000001	0.0010119227045580139
-1018.5	-0.006532999999999997	0.0010119227045580139
-1017.5	-0.007318000000000005	0.0010119227045580139
-1016.5	-0.006856999999999988	0.0010119227045580139
-1015.5	-0.0077009999999999995	0.0010119227045580139
-1012.5	-0.00815299999999998	0.0010119227045580139
-1011.5	-0.007167999999999994	0.0010119227045580139
-1010.5	-0.0072539999999999966	0.0010119227045580139
-1009.5	-0.007816000000000004	0.0010119227045580139
-1007.5	-0.006037000000000001	0.0010119227045580139
-1002.5	-0.004871	0.0010119227045580139
-1000.5	-0.003147999999999998	0.0010119227045580139
-999.5	-0.003796999999999981	0.0010119227045580139
-997.5	-0.004418999999999992	0.0010119227045580139
-993.5	-0.00582199999999998	0.0010119227045580139
-992.5	-0.008441999999999991	0.0010119227045580139
-991.5	-0.008510000000000004	0.0010119227045580139
-990.5	-0.008262000000000005	0.0010119227045580139
-987.5	-0.006521999999999986	0.0010119227045580139
-986.5	-0.007211999999999982	0.0010119227045580139
-985.5	-0.006705000000000003	0.0010119227045580139
-984.5	-0.007833999999999994	0.0010119227045580139
-983.5	-0.007387999999999992	0.0010119227045580139
-975.5	-0.005507999999999999	0.0010119227045580139
-969.5	-0.006838999999999998	0.0010119227045580139
-959.5	-0.004964999999999983	0.0010119227045580139
-951.5	-0.005953	0.0010119227045580139
-950.5	-0.005597000000000005	0.0010119227045580139
-949.5	-0.006598000000000007	0.0010119227045580139
-932.5	-0.008508000000000002	0.0010119227045580139
-931.5	-0.009120000000000003	0.0010119227045580139
-930.5	-0.007006999999999999	0.0010119227045580139
-927.5	-0.0058779999999999805	0.0010119227045580139
-926.5	-0.005078999999999986	0.0010119227045580139
-922.5	-0.003939999999999985	0.0010119227045580139
-921.5	-0.005738000000000007	0.0010119227045580139
-920.5	-0.0031189999999999968	0.0010119227045580139
-916.5	-0.00691399999999999	0.0010119227045580139
-915.5	-0.006027999999999992	0.0010119227045580139
-914.5	-0.00537	0.0010119227045580139
-912.5	-0.005863999999999994	0.0010119227045580139
-909.5	-0.003717999999999985	0.0010119227045580139
-900.5	-0.006857999999999989	0.0010119227045580139
-899.5	-0.0054499999999999965	0.0010119227045580139
-898.5	-0.006562999999999999	0.0010119227045580139
-897.5	-0.004913999999999988	0.0010119227045580139
-896.5	-0.0051099999999999896	0.0010119227045580139
-895.5	-0.003365999999999994	0.0010119227045580139
-894.5	-0.00534999999999998	0.0010119227045580139
-891.5	-0.006793000000000007	0.0010119227045580139
-889.5	-0.007459000000000007	0.0010119227045580139
-888.5	-0.0072509999999999936	0.0010119227045580139
-887.5	-0.005827999999999986	0.0010119227045580139
-880.5	-0.0072569999999999996	0.0010119227045580139
-879.5	-0.007555999999999993	0.0010119227045580139
-873.5	-0.005607999999999988	0.0010119227045580139
-868.5	-0.0036689999999999917	0.0010119227045580139
-867.5	-0.003355999999999984	0.0010119227045580139
-866.5	-0.0029749999999999915	0.0010119227045580139
-865.5	-0.004344000000000001	0.0010119227045580139
-863.5	-0.005251999999999993	0.0010119227045580139
-858.5	-0.007211999999999982	0.0010119227045580139
-854.5	-0.007199999999999998	0.0010119227045580139
-853.5	-0.008185999999999985	0.0010119227045580139
-852.5	-0.007067000000000004	0.0010119227045580139
-850.5	-0.00693199999999998	0.0010119227045580139
-846.5	-0.0054429999999999895	0.0010119227045580139
-845.5	-0.004658999999999983	0.0010119227045580139
-844.5	-0.004557999999999993	0.0010119227045580139
-840.5	-0.005851999999999982	0.0010119227045580139
-839.5	-0.0050059999999999966	0.0010119227045580139
-838.5	-0.003693999999999989	0.0010119227045580139
-833.5	-0.006315000000000001	0.0010119227045580139
-829.5	-0.0055599999999999955	0.0010119227045580139
-826.5	-0.006188999999999986	0.0010119227045580139
-825.5	-0.0057779999999999915	0.0010119227045580139
-816.5	-0.0037869999999999987	0.0010119227045580139
-813.5	-0.004956000000000002	0.0010119227045580139
-812.5	-0.005875000000000005	0.0010119227045580139
-811.5	-0.004475999999999994	0.0010119227045580139
-810.5	-0.0054349999999999815	0.0010119227045580139
-807.5	-0.004815	0.0010119227045580139
-806.5	-0.005800999999999987	0.0010119227045580139
-804.5	-0.006600999999999982	0.0010119227045580139
-803.5	-0.005800999999999987	0.0010119227045580139
-800.5	-0.006265000000000007	0.0010119227045580139
-799.5	-0.004074999999999981	0.0010119227045580139
-797.5	-0.0060110000000000025	0.0010119227045580139
-795.5	-0.005255999999999997	0.0010119227045580139
-793.5	-0.007008	0.0010119227045580139
-791.5	-0.005059999999999995	0.0010119227045580139
-780.5	-0.006389999999999993	0.0010119227045580139
-779.5	-0.005703	0.0010119227045580139
-777.5	-0.006332999999999991	0.0010119227045580139
-776.5	-0.006999999999999992	0.0010119227045580139
-775.5	-0.006294999999999981	0.0010119227045580139
-774.5	-0.006167999999999993	0.0010119227045580139
-772.5	-0.00621099999999998	0.0010119227045580139
-771.5	-0.00655399999999999	0.0010119227045580139
-769.5	-0.0056780000000000025	0.0010119227045580139
-757.5	-0.004200999999999996	0.0010119227045580139
-756.5	-0.006129999999999983	0.0010119227045580139
-755.5	-0.006339999999999998	0.0010119227045580139
-754.5	-0.008048999999999987	0.0010119227045580139
-751.5	-0.007277999999999993	0.0010119227045580139
-750.5	-0.006926000000000002	0.0010119227045580139
-749.5	-0.007844000000000004	0.0010119227045580139
-748.5	-0.006589999999999999	0.0010119227045580139
-747.5	-0.008010000000000003	0.0010119227045580139
-746.5	-0.007748999999999992	0.0010119227045580139
-745.5	-0.006382999999999986	0.0010119227045580139
-742.5	-0.005302999999999988	0.0010119227045580139
-736.5	-0.0029759999999999925	0.0010119227045580139
-735.5	-0.0027599999999999986	0.0010119227045580139
-734.5	-0.0010359999999999953	0.0010119227045580139
-732.5	-0.002041000000000001	0.0010119227045580139
-719.5	-0.0061099999999999904	0.0010119227045580139
-718.5	-0.006027999999999992	0.0010119227045580139
-717.5	-0.0059899999999999815	0.0010119227045580139
-715.5	-0.006335999999999994	0.0010119227045580139
-714.5	-0.005128999999999981	0.0010119227045580139
-710.5	-0.0034030000000000032	0.0010119227045580139
-709.5	-0.002789	0.0010119227045580139
-705.5	-0.004928000000000002	0.0010119227045580139
-700.5	-0.00855099999999999	0.0010119227045580139
-699.5	-0.007447999999999996	0.0010119227045580139
-698.5	-0.008119000000000001	0.0010119227045580139
-697.5	-0.008374000000000006	0.0010119227045580139
-696.5	-0.00891199999999999	0.0010119227045580139
-695.5	-0.008537000000000003	0.0010119227045580139
-689.5	-0.006874000000000005	0.0010119227045580139
-688.5	-0.0051240000000000036	0.0010119227045580139
-687.5	-0.004636999999999988	0.0010119227045580139
-686.5	-0.005376000000000006	0.0010119227045580139
-685.5	-0.005513000000000004	0.0010119227045580139
-682.5	-0.004918999999999993	0.0010119227045580139
-679.5	-0.006557999999999994	0.0010119227045580139
-678.5	-0.0059999999999999915	0.0010119227045580139
-676.5	-0.005726999999999996	0.0010119227045580139
-674.5	-0.00683099999999999	0.0010119227045580139
-673.5	-0.007436999999999985	0.0010119227045580139
-672.5	-0.006682000000000007	0.0010119227045580139
-671.5	-0.006367999999999999	0.0010119227045580139
-670.5	-0.006774999999999989	0.0010119227045580139
-669.5	-0.005801999999999988	0.0010119227045580139
-668.5	-0.008064000000000002	0.0010119227045580139
-665.5	-0.006244999999999987	0.0010119227045580139
-664.5	-0.006518999999999983	0.0010119227045580139
-644.5	-0.007773999999999989	0.0010119227045580139
-643.5	-0.006571999999999981	0.0010119227045580139
-641.5	-0.005964999999999984	0.0010119227045580139
-639.5	-0.006800999999999988	0.0010119227045580139
-638.5	-0.006393999999999997	0.0010119227045580139
-637.5	-0.006261000000000003	0.0010119227045580139
-636.5	-0.005069000000000004	0.0010119227045580139
-634.5	-0.005862999999999993	0.0010119227045580139
-633.5	-0.00529499999999998	0.0010119227045580139
-628.5	-0.006335999999999994	0.0010119227045580139
-627.5	-0.0061049999999999854	0.0010119227045580139
-608.5	-0.004730999999999999	0.0010119227045580139
-606.5	-0.005965999999999985	0.0010119227045580139
-605.5	-0.004746999999999987	0.0010119227045580139
-599.5	-0.004272999999999985	0.0010119227045580139
-595.5	-0.004303999999999988	0.0010119227045580139
-594.5	-0.005840999999999999	0.0010119227045580139
-588.5	-0.003004999999999994	0.0010119227045580139
-587.5	-0.004525999999999988	0.0010119227045580139
-586.5	-0.0034399999999999847	0.0010119227045580139
-585.5	-0.0073599999999999915	0.0010119227045580139
-574.5	-0.006389999999999993	0.0010119227045580139
-573.5	-0.006268999999999983	0.0010119227045580139
-571.5	-0.0052179999999999865	0.0010119227045580139
-570.5	-0.004566000000000001	0.0010119227045580139
-569.5	-0.004567000000000002	0.0010119227045580139
-568.5	-0.004413999999999987	0.0010119227045580139
-567.5	-0.00834799999999998	0.0010119227045580139
-566.5	-0.006713999999999984	0.0010119227045580139
-551.5	-0.005977999999999997	0.0010119227045580139
-550.5	-0.005829999999999988	0.0010119227045580139
-549.5	-0.006975999999999996	0.0010119227045580139
-545.5	-0.008456000000000005	0.0010119227045580139
-544.5	-0.007105999999999987	0.0010119227045580139
-537.5	-0.007114999999999996	0.0010119227045580139
-536.5	-0.006229999999999999	0.0010119227045580139
-535.5	-0.006475999999999996	0.0010119227045580139
-532.5	-0.006350999999999982	0.0010119227045580139
-531.5	-0.005485000000000004	0.0010119227045580139
-530.5	-0.007972999999999994	0.0010119227045580139
-513.5	-0.007412999999999989	0.0010119227045580139
-511.5	-0.008759000000000003	0.0010119227045580139
-506.5	-0.0031579999999999803	0.0010119227045580139
-505.5	-0.0024040000000000034	0.0010119227045580139
-504.5	-0.0019789999999999947	0.0010119227045580139
-501.5	-0.0019870000000000027	0.0010119227045580139
-500.5	-0.002772999999999984	0.0010119227045580139
-499.5	-0.0033889999999999892	0.0010119227045580139
-498.5	-0.004023999999999986	0.0010119227045580139
-496.5	-0.003468999999999986	0.0010119227045580139
-495.5	-0.004901000000000003	0.0010119227045580139
-490.5	-0.004917999999999992	0.0010119227045580139
-487.5	-0.007654999999999981	0.0010119227045580139
-476.5	-0.006197999999999995	0.0010119227045580139
-475.5	-0.004708000000000004	0.0010119227045580139
-473.5	-0.0026510000000000006	0.0010119227045580139
-471.5	-0.003475999999999993	0.0010119227045580139
-470.5	-0.004296999999999981	0.0010119227045580139
-468.5	-0.005353999999999984	0.0010119227045580139
-467.5	-0.003132999999999983	0.0010119227045580139
-466.5	-0.004318000000000002	0.0010119227045580139
-465.5	-0.006660999999999986	0.0010119227045580139
-464.5	-0.005715999999999985	0.0010119227045580139
-463.5	-0.006040000000000004	0.0010119227045580139
-462.5	-0.005937999999999985	0.0010119227045580139
-461.5	-0.007754999999999998	0.0010119227045580139
-454.5	-0.0049989999999999896	0.0010119227045580139
-453.5	-0.006609999999999991	0.0010119227045580139
-452.5	-0.005797999999999984	0.0010119227045580139
-451.5	-0.005405000000000007	0.0010119227045580139
-446.5	-0.007215999999999986	0.0010119227045580139
-442.5	-0.005292000000000005	0.0010119227045580139
-438.5	-0.004888999999999991	0.0010119227045580139
-436.5	-0.00715399999999998	0.0010119227045580139
-435.5	-0.008177000000000004	0.0010119227045580139
-431.5	-0.006139999999999993	0.0010119227045580139
-430.5	-0.005713999999999983	0.0010119227045580139
-429.5	-0.005209000000000005	0.0010119227045580139
-427.5	-0.005311999999999997	0.0010119227045580139
-413.5	-0.0054399999999999865	0.0010119227045580139
-412.5	-0.00497199999999999	0.0010119227045580139
-410.5	-0.005837999999999996	0.0010119227045580139
-409.5	-0.004743999999999984	0.0010119227045580139
-408.5	-0.005394999999999997	0.0010119227045580139
-407.5	-0.006570000000000006	0.0010119227045580139
-405.5	-0.005713999999999983	0.0010119227045580139
-404.5	-0.008476999999999998	0.0010119227045580139
-401.5	-0.0059969999999999885	0.0010119227045580139
-400.5	-0.006245999999999988	0.0010119227045580139
-399.5	-0.008256	0.0010119227045580139
-398.5	-0.006496999999999989	0.0010119227045580139
-381.5	-0.005654000000000006	0.0010119227045580139
-380.5	-0.0061009999999999814	0.0010119227045580139
-375.5	-0.0050120000000000026	0.0010119227045580139
-374.5	-0.005068000000000003	0.0010119227045580139
-373.5	-0.005487000000000006	0.0010119227045580139
-372.5	-0.004049999999999984	0.0010119227045580139
-371.5	-0.004286999999999999	0.0010119227045580139
-370.5	-0.004307999999999992	0.0010119227045580139
-367.5	-0.0061200000000000004	0.0010119227045580139
-364.5	-0.005819000000000005	0.0010119227045580139
-363.5	-0.00612699999999998	0.0010119227045580139
-362.5	-0.0072580000000000006	0.0010119227045580139
-361.5	-0.0054429999999999895	0.0010119227045580139
-360.5	-0.005797999999999984	0.0010119227045580139
-358.5	-0.0054590000000000055	0.0010119227045580139
-357.5	-0.006022999999999987	0.0010119227045580139
-355.5	-0.005604999999999985	0.0010119227045580139
-353.5	-0.006209000000000006	0.0010119227045580139
-352.5	-0.0056669999999999915	0.0010119227045580139
-348.5	-0.006229999999999999	0.0010119227045580139
-347.5	-0.0054429999999999895	0.0010119227045580139
-345.5	-0.006498999999999991	0.0010119227045580139
-344.5	-0.006871000000000002	0.0010119227045580139
-335.5	-0.004931000000000005	0.0010119227045580139
-334.5	-0.0049919999999999826	0.0010119227045580139
-333.5	-0.005292000000000005	0.0010119227045580139
-328.5	-0.0036520000000000025	0.0010119227045580139
-327.5	-0.0037879999999999997	0.0010119227045580139
-326.5	-0.005181000000000005	0.0010119227045580139
-324.5	-0.004150000000000001	0.0010119227045580139
-321.5	-0.006289000000000003	0.0010119227045580139
-317.5	-0.004744999999999985	0.0010119227045580139
-316.5	-0.004738000000000006	0.0010119227045580139
-314.5	-0.005466999999999986	0.0010119227045580139
-313.5	-0.004266000000000006	0.0010119227045580139
-312.5	-0.005170999999999995	0.0010119227045580139
-311.5	-0.005183000000000007	0.0010119227045580139
-310.5	-0.006994999999999987	0.0010119227045580139
-306.5	-0.003366999999999995	0.0010119227045580139
-305.5	-0.0016089999999999854	0.0010119227045580139
-304.5	-0.0024959999999999843	0.0010119227045580139
-298.5	-0.004269999999999982	0.0010119227045580139
-297.5	-0.0037449999999999845	0.0010119227045580139
-294.5	-0.0018639999999999907	0.0010119227045580139
-293.5	-0.0031179999999999958	0.0010119227045580139
-292.5	-0.0028379999999999933	0.0010119227045580139
-289.5	-0.002672999999999995	0.0010119227045580139
-288.5	-0.005837999999999996	0.0010119227045580139
-287.5	-0.005917999999999993	0.0010119227045580139
-286.5	-0.005649000000000001	0.0010119227045580139
-285.5	-0.005735000000000004	0.0010119227045580139
-284.5	-0.0054429999999999895	0.0010119227045580139
-283.5	-0.0061019999999999824	0.0010119227045580139
-282.5	-0.004946999999999993	0.0010119227045580139
-281.5	-0.007166999999999993	0.0010119227045580139
-280.5	-0.006572999999999982	0.0010119227045580139
-279.5	-0.0059040000000000065	0.0010119227045580139
-278.5	-0.004153000000000004	0.0010119227045580139
-274.5	-0.004937999999999984	0.0010119227045580139
-273.5	-0.004600000000000007	0.0010119227045580139
-272.5	-0.0032120000000000065	0.0010119227045580139
-271.5	-0.004923999999999998	0.0010119227045580139
-270.5	-0.0028770000000000046	0.0010119227045580139
-269.5	-0.0036699999999999927	0.0010119227045580139
-268.5	-0.002774999999999986	0.0010119227045580139
-267.5	-0.004596000000000003	0.0010119227045580139
-266.5	-0.0017249999999999904	0.0010119227045580139
-265.5	-0.005832999999999991	0.0010119227045580139
-264.5	-0.0027660000000000046	0.0010119227045580139
-263.5	-0.003254999999999994	0.0010119227045580139
-262.5	-0.004604999999999984	0.0010119227045580139
-261.5	-0.003248999999999988	0.0010119227045580139
-260.5	-0.004283999999999996	0.0010119227045580139
-250.5	-0.0035539999999999877	0.0010119227045580139
-249.5	-0.006139999999999993	0.0010119227045580139
-248.5	-0.006436999999999984	0.0010119227045580139
-246.5	-0.006346000000000004	0.0010119227045580139
-245.5	-0.006537000000000001	0.0010119227045580139
-244.5	-0.0061109999999999914	0.0010119227045580139
-243.5	-0.004466999999999985	0.0010119227045580139
-242.5	-0.003923999999999997	0.0010119227045580139
-241.5	-0.003719999999999987	0.0010119227045580139
-240.5	-0.004208000000000003	0.0010119227045580139
-238.5	-0.004818000000000003	0.0010119227045580139
-236.5	-0.0025369999999999976	0.0010119227045580139
-235.5	-0.003970999999999988	0.0010119227045580139
-231.5	-0.0009489999999999915	0.0010119227045580139
-230.5	0.0003050000000000136	0.0010119227045580139
-229.5	-0.0016069999999999834	0.0010119227045580139
-227.5	-0.0017370000000000024	0.0010119227045580139
-222.5	-0.004819000000000004	0.0010119227045580139
-221.5	-0.005072000000000007	0.0010119227045580139
-208.5	-0.004335999999999993	0.0010119227045580139
-207.5	-0.004866999999999996	0.0010119227045580139
-206.5	-0.005433000000000007	0.0010119227045580139
-205.5	-0.004489000000000007	0.0010119227045580139
-202.5	-0.0025239999999999846	0.0010119227045580139
-201.5	-0.0018359999999999904	0.0010119227045580139
-192.5	-0.004346000000000003	0.0010119227045580139
-191.5	-0.003737000000000004	0.0010119227045580139
-190.5	-0.0027459999999999846	0.0010119227045580139
-189.5	-0.0038539999999999824	0.0010119227045580139
-182.5	-0.005084999999999992	0.0010119227045580139
-181.5	-0.003034999999999996	0.0010119227045580139
-180.5	-0.0031119999999999898	0.0010119227045580139
-179.5	-0.0035219999999999835	0.0010119227045580139
-178.5	-0.0023909999999999904	0.0010119227045580139
-176.5	-0.004519999999999982	0.0010119227045580139
-175.5	-0.0051179999999999976	0.0010119227045580139
-160.5	-0.004650000000000001	0.0010119227045580139
-159.5	-0.004331999999999989	0.0010119227045580139
-158.5	-0.004634999999999986	0.0010119227045580139
-157.5	-0.0029769999999999935	0.0010119227045580139
-156.5	0.00031199999999999284	0.0010119227045580139
-155.5	-0.0008099999999999913	0.0010119227045580139
-154.5	0.00011799999999999311	0.0010119227045580139
-153.5	-0.0012019999999999947	0.0010119227045580139
-152.5	-0.0013119999999999937	0.0010119227045580139
-151.5	-0.0054580000000000045	0.0010119227045580139
-149.5	-0.003687999999999983	0.0010119227045580139
-141.5	-0.002141999999999991	0.0010119227045580139
-140.5	-0.0023019999999999846	0.0010119227045580139
-136.5	-0.003590999999999997	0.0010119227045580139
-135.5	-0.0022699999999999804	0.0010119227045580139
-134.5	-0.0018629999999999897	0.0010119227045580139
-131.5	0.0001370000000000121	0.0010119227045580139
-127.5	-0.001660999999999982	0.0010119227045580139
-123.5	-0.001794000000000004	0.0010119227045580139
-122.5	-0.0016129999999999894	0.0010119227045580139
-121.5	-0.005493999999999985	0.0010119227045580139
-120.5	-0.002365999999999993	0.0010119227045580139
-119.5	-0.002662999999999985	0.0010119227045580139
-118.5	-0.000882999999999981	0.0010119227045580139
-117.5	-0.0034919999999999812	0.0010119227045580139
-116.5	-0.0012729999999999825	0.0010119227045580139
-114.5	-0.0012569999999999942	0.0010119227045580139
-112.5	-0.0028529999999999806	0.0010119227045580139
-111.5	-0.0019580000000000014	0.0010119227045580139
-110.5	-0.001883999999999983	0.0010119227045580139
-109.5	-0.004958000000000004	0.0010119227045580139
-108.5	-0.002588999999999994	0.0010119227045580139
-105.5	-0.0009129999999999833	0.0010119227045580139
-104.5	-0.0022809999999999914	0.0010119227045580139
-103.5	-0.0017110000000000042	0.0010119227045580139
-102.5	-0.00030299999999998384	0.0010119227045580139
-100.5	-0.0031810000000000033	0.0010119227045580139
-99.5	-0.0030700000000000033	0.0010119227045580139
-98.5	-0.002474999999999991	0.0010119227045580139
-97.5	-0.002692999999999987	0.0010119227045580139
-94.5	-0.0027529999999999916	0.0010119227045580139
-93.5	-0.004077999999999984	0.0010119227045580139
-89.5	-0.0056800000000000045	0.0010119227045580139
-85.5	-0.0061119999999999924	0.0010119227045580139
-79.5	0.003274000000000013	0.0010119227045580139
-78.5	-0.0032179999999999848	0.0010119227045580139
-77.5	-0.004539000000000001	0.0010119227045580139
-76.5	-0.0033180000000000015	0.0010119227045580139
-72.5	-0.0037749999999999867	0.0010119227045580139
-71.5	-0.0036169999999999952	0.0010119227045580139
-70.5	-0.003591999999999998	0.0010119227045580139
-69.5	-0.0015089999999999965	0.0010119227045580139
-57.5	-0.003739000000000006	0.0010119227045580139
-56.5	-0.00380599999999999	0.0010119227045580139
-55.5	-0.0019910000000000067	0.0010119227045580139
-54.5	-0.0032329999999999998	0.0010119227045580139
-47.5	-0.004399	0.0010119227045580139
-46.5	-0.00416699999999999	0.0010119227045580139
-45.5	-0.004926	0.0010119227045580139
-44.5	-0.004446999999999993	0.0010119227045580139
-43.5	-0.004392999999999994	0.0010119227045580139
-38.5	-0.002240000000000006	0.0010119227045580139
-31.5	-0.002026999999999987	0.0010119227045580139
-30.5	-0.000660999999999981	0.0010119227045580139
-29.5	-0.0023240000000000066	0.0010119227045580139
-28.5	-0.004236000000000004	0.0010119227045580139
-27.5	-0.0027149999999999813	0.0010119227045580139
-26.5	-0.0035469999999999807	0.0010119227045580139
-25.5	-0.005735000000000004	0.0010119227045580139
-24.5	-6.599999999999662e-05	0.0010119227045580139
-20.5	-0.000999999999999987	0.0010119227045580139
-18.5	-0.001787999999999998	0.0010119227045580139
-17.5	0.0006330000000000086	0.0010119227045580139
-16.5	-0.000773999999999983	0.0010119227045580139
-15.5	-0.0036810000000000037	0.0010119227045580139
-14.5	-0.002602000000000007	0.0010119227045580139
-13.5	-0.004041000000000003	0.0010119227045580139
-12.5	-0.004467999999999986	0.0010119227045580139
-11.5	-0.004345000000000002	0.0010119227045580139
-10.5	-0.001999999999999988	0.0010119227045580139
-9.5	-1.6000000000002124e-05	0.0010119227045580139
-8.5	4.800000000000637e-05	0.0010119227045580139
-7.5	-0.0011479999999999962	0.0010119227045580139
-5.5	0.000676999999999997	0.0010119227045580139
-2.5	-0.000668999999999989	0.0010119227045580139
-1.5	-0.0012829999999999925	0.0010119227045580139
-0.5	-0.0029880000000000045	0.0010119227045580139
0.5	-0.004244999999999985	0.0010119227045580139
1.5	-0.004033999999999996	0.0010119227045580139
2.5	-0.002370999999999998	0.0010119227045580139
3.5	-0.002897999999999998	0.0010119227045580139
4.5	-0.00044499999999998707	0.0010119227045580139
5.5	-0.002580999999999986	0.0010119227045580139
6.5	-0.003686999999999982	0.0010119227045580139
7.5	-0.0006010000000000043	0.0010119227045580139
8.5	-0.000884999999999983	0.0010119227045580139
9.5	-0.0019489999999999924	0.0010119227045580139
10.5	0.0009440000000000143	0.0010119227045580139
11.5	-0.00026199999999999835	0.0010119227045580139
12.5	-0.0018169999999999992	0.0010119227045580139
13.5	-0.0003269999999999801	0.0010119227045580139
14.5	-0.0014139999999999847	0.0010119227045580139
15.5	-0.002015000000000003	0.0010119227045580139
16.5	-0.0011869999999999797	0.0010119227045580139
18.5	0.0008689999999999948	0.0010119227045580139
19.5	0.00033600000000001684	0.0010119227045580139
20.5	0.0002540000000000181	0.0010119227045580139
21.5	0.0003959999999999936	0.0010119227045580139
23.5	-0.002222999999999989	0.0010119227045580139
25.5	0.0013860000000000122	0.0010119227045580139
26.5	-0.0007589999999999958	0.0010119227045580139
27.5	-0.0003329999999999861	0.0010119227045580139
28.5	0.0005250000000000116	0.0010119227045580139
29.5	0.0007760000000000128	0.0010119227045580139
30.5	0.0010020000000000168	0.0010119227045580139
32.5	0.0019340000000000052	0.0010119227045580139
33.5	0.0028540000000000093	0.0010119227045580139
34.5	0.0023060000000000164	0.0010119227045580139
36.5	0.004638000000000017	0.0010119227045580139
39.5	0.00410400000000001	0.0010119227045580139
40.5	0.002571000000000004	0.0010119227045580139
41.5	0.0015939999999999982	0.0010119227045580139
42.5	0.00025999999999999635	0.0010119227045580139
44.5	-0.0009469999999999895	0.0010119227045580139
45.5	-0.0002819999999999906	0.0010119227045580139
46.5	-0.0005519999999999831	0.0010119227045580139
47.5	-0.00013799999999998536	0.0010119227045580139
48.5	0.0005850000000000161	0.0010119227045580139
51.5	-0.0010919999999999958	0.0010119227045580139
52.5	-0.0007049999999999973	0.0010119227045580139
53.5	-0.00088199999999998	0.0010119227045580139
54.5	0.001472000000000015	0.0010119227045580139
55.5	0.0007299999999999945	0.0010119227045580139
56.5	0.0004330000000000028	0.0010119227045580139
57.5	0.0004920000000000063	0.0010119227045580139
58.5	0.0016100000000000142	0.0010119227045580139
59.5	0.001359000000000013	0.0010119227045580139
60.5	0.002154000000000003	0.0010119227045580139
61.5	0.001804000000000014	0.0010119227045580139
62.5	0.0016700000000000187	0.0010119227045580139
63.5	0.0013010000000000105	0.0010119227045580139
64.5	0.000697000000000017	0.0010119227045580139
65.5	-0.0009749999999999898	0.0010119227045580139
66.5	-0.0006590000000000068	0.0010119227045580139
68.5	-0.0003349999999999881	0.0010119227045580139
71.5	-0.0015130000000000005	0.0010119227045580139
72.5	-0.0012979999999999797	0.0010119227045580139
73.5	-0.001882999999999982	0.0010119227045580139
74.5	0.001698000000000019	0.0010119227045580139
76.5	0.0003550000000000081	0.0010119227045580139
77.5	-0.0020529999999999854	0.0010119227045580139
78.5	-0.0004590000000000011	0.0010119227045580139
79.5	-0.0018069999999999892	0.0010119227045580139
80.5	-0.002259999999999998	0.0010119227045580139
81.5	0.0007640000000000008	0.0010119227045580139
85.5	0.0016250000000000014	0.0010119227045580139
86.5	0.001241000000000006	0.0010119227045580139
88.5	0.002820000000000003	0.0010119227045580139
89.5	0.004895999999999998	0.0010119227045580139
90.5	0.004480999999999999	0.0010119227045580139
91.5	0.005195000000000019	0.0010119227045580139
92.5	0.0036900000000000127	0.0010119227045580139
93.5	0.0025540000000000146	0.0010119227045580139
94.5	-0.00026500000000000135	0.0010119227045580139
95.5	-0.0009829999999999978	0.0010119227045580139
100.5	0.00026800000000000435	0.0010119227045580139
101.5	0.0005379999999999968	0.0010119227045580139
102.5	0.0006140000000000173	0.0010119227045580139
107.5	-0.0010929999999999968	0.0010119227045580139
111.5	0.002680000000000002	0.0010119227045580139
112.5	0.0021030000000000076	0.0010119227045580139
114.5	0.0025319999999999926	0.0010119227045580139
116.5	0.003142999999999993	0.0010119227045580139
124.5	-0.0005279999999999868	0.0010119227045580139
134.5	-0.0005629999999999941	0.0010119227045580139
135.5	-0.00019099999999998285	0.0010119227045580139
137.5	-0.002037999999999998	0.0010119227045580139
138.5	1.6000000000002124e-05	0.0010119227045580139
139.5	0.0005060000000000203	0.0010119227045580139
140.5	0.0007680000000000048	0.0010119227045580139
154.5	-0.0003429999999999961	0.0010119227045580139
156.5	0.00022500000000001685	0.0010119227045580139
157.5	0.0013880000000000142	0.0010119227045580139
158.5	0.0021999999999999936	0.0010119227045580139
178.5	0.005778000000000019	0.0010119227045580139
179.5	0.005929000000000004	0.0010119227045580139
180.5	0.0061380000000000184	0.0010119227045580139
181.5	0.0032930000000000043	0.0010119227045580139
182.5	0.002456	0.0010119227045580139
183.5	0.00037700000000000233	0.0010119227045580139
184.5	0.0006040000000000073	0.0010119227045580139
185.5	0.0006710000000000188	0.0010119227045580139
187.5	0.0026680000000000176	0.0010119227045580139
188.5	0.001570000000000002	0.0010119227045580139
189.5	0.0018800000000000067	0.0010119227045580139
190.5	0.0010440000000000033	0.0010119227045580139
197.5	0.006209000000000006	0.0010119227045580139
198.5	0.006227999999999997	0.0010119227045580139
199.5	0.00982100000000001	0.0010119227045580139
210.5	0.0034219999999999945	0.0010119227045580139
211.5	0.004082000000000016	0.0010119227045580139
212.5	0.0058909999999999935	0.0010119227045580139
217.5	0.002694000000000016	0.0010119227045580139
219.5	0.002611000000000016	0.0010119227045580139
220.5	0.004319000000000003	0.0010119227045580139
221.5	0.0024430000000000146	0.0010119227045580139
222.5	0.003992000000000009	0.0010119227045580139
223.5	0.006487000000000007	0.0010119227045580139
224.5	0.003942000000000015	0.0010119227045580139
226.5	0.004736000000000004	0.0010119227045580139
230.5	0.0057870000000000005	0.0010119227045580139
231.5	0.006269000000000011	0.0010119227045580139
232.5	0.003258999999999998	0.0010119227045580139
233.5	0.0037640000000000035	0.0010119227045580139
235.5	0.004314999999999999	0.0010119227045580139
236.5	0.00432600000000001	0.0010119227045580139
237.5	0.0060049999999999965	0.0010119227045580139
238.5	0.005290000000000003	0.0010119227045580139
240.5	0.004764000000000004	0.0010119227045580139
242.5	0.004828000000000013	0.0010119227045580139
243.5	0.004334000000000018	0.0010119227045580139
244.5	0.003705	0.0010119227045580139
247.5	0.005059999999999995	0.0010119227045580139
248.5	0.006106000000000014	0.0010119227045580139
249.5	0.006235000000000004	0.0010119227045580139
250.5	0.005497000000000016	0.0010119227045580139
251.5	0.0072620000000000046	0.0010119227045580139
252.5	0.007057999999999995	0.0010119227045580139
253.5	0.007072000000000009	0.0010119227045580139
255.5	0.0051270000000000066	0.0010119227045580139
256.5	0.004041000000000003	0.0010119227045580139
257.5	0.0028810000000000086	0.0010119227045580139
258.5	0.004202999999999998	0.0010119227045580139
259.5	0.002670999999999993	0.0010119227045580139
262.5	0.002814999999999998	0.0010119227045580139
263.5	0.002810999999999994	0.0010119227045580139
264.5	0.004891999999999994	0.0010119227045580139
265.5	0.004757999999999998	0.0010119227045580139
268.5	0.0026209999999999983	0.0010119227045580139
271.5	0.0033540000000000098	0.0010119227045580139
274.5	0.0072730000000000156	0.0010119227045580139
276.5	0.010249999999999995	0.0010119227045580139
277.5	0.010056999999999996	0.0010119227045580139
278.5	0.01168100000000001	0.0010119227045580139
279.5	0.012132000000000018	0.0010119227045580139
282.5	0.013171000000000002	0.0010119227045580139
284.5	0.010333999999999996	0.0010119227045580139
286.5	0.011721999999999996	0.0010119227045580139
287.5	0.011237000000000011	0.0010119227045580139
288.5	0.010565000000000005	0.0010119227045580139
289.5	0.010990000000000014	0.0010119227045580139
292.5	0.009474999999999997	0.0010119227045580139
293.5	0.007042000000000007	0.0010119227045580139
294.5	0.006619	0.0010119227045580139
296.5	0.004075000000000009	0.0010119227045580139
310.5	0.018178000000000014	0.0010119227045580139
311.5	0.01044100000000002	0.0010119227045580139
312.5	0.009454000000000004	0.0010119227045580139
313.5	0.012437000000000017	0.0010119227045580139
314.5	0.008134000000000016	0.0010119227045580139
315.5	0.012341000000000005	0.0010119227045580139
316.5	0.011187000000000016	0.0010119227045580139
317.5	0.009528999999999996	0.0010119227045580139
319.5	0.009372000000000005	0.0010119227045580139
320.5	0.008983000000000005	0.0010119227045580139
321.5	0.011183000000000012	0.0010119227045580139
322.5	0.009422	0.0010119227045580139
324.5	0.0056890000000000135	0.0010119227045580139
325.5	0.006062999999999999	0.0010119227045580139
326.5	0.005637000000000017	0.0010119227045580139
329.5	0.004566000000000001	0.0010119227045580139
330.5	0.00390900000000001	0.0010119227045580139
331.5	0.007344000000000003	0.0010119227045580139
336.5	0.017623000000000014	0.0010119227045580139
337.5	0.016237000000000015	0.0010119227045580139
338.5	0.018445000000000003	0.0010119227045580139
339.5	0.018515000000000018	0.0010119227045580139
340.5	0.018376000000000017	0.0010119227045580139
345.5	0.012022000000000019	0.0010119227045580139
349.5	0.008957000000000007	0.0010119227045580139
350.5	0.009272000000000016	0.0010119227045580139
351.5	0.008743000000000015	0.0010119227045580139
352.5	0.008028999999999994	0.0010119227045580139
353.5	0.009170999999999999	0.0010119227045580139
361.5	0.00725000000000002	0.0010119227045580139
362.5	0.009473999999999996	0.0010119227045580139
363.5	0.010688000000000017	0.0010119227045580139
366.5	0.01543600000000002	0.0010119227045580139
367.5	0.008772000000000016	0.0010119227045580139
368.5	0.009669999999999998	0.0010119227045580139
369.5	0.018475000000000005	0.0010119227045580139
370.5	0.017484000000000013	0.0010119227045580139
371.5	0.01676000000000001	0.0010119227045580139
372.5	0.01823900000000002	0.0010119227045580139
374.5	0.014185000000000017	0.0010119227045580139
376.5	0.014612	0.0010119227045580139
377.5	0.013193999999999997	0.0010119227045580139
378.5	0.012086	0.0010119227045580139
379.5	0.009132000000000015	0.0010119227045580139
380.5	0.007402000000000006	0.0010119227045580139
381.5	0.007860999999999993	0.0010119227045580139
383.5	0.0038880000000000164	0.0010119227045580139
384.5	0.0029680000000000123	0.0010119227045580139
385.5	0.003599000000000005	0.0010119227045580139
386.5	0.0051280000000000076	0.0010119227045580139
387.5	0.005371000000000001	0.0010119227045580139
388.5	0.005621000000000001	0.0010119227045580139
389.5	0.007468000000000016	0.0010119227045580139
390.5	0.009429000000000007	0.0010119227045580139
391.5	0.008278999999999995	0.0010119227045580139
392.5	0.010722999999999996	0.0010119227045580139
393.5	0.012360999999999997	0.0010119227045580139
394.5	0.011673000000000003	0.0010119227045580139
395.5	0.012941999999999995	0.0010119227045580139
396.5	0.011938000000000018	0.0010119227045580139
398.5	0.010915999999999995	0.0010119227045580139
400.5	0.009784000000000001	0.0010119227045580139
401.5	0.010176000000000004	0.0010119227045580139
407.5	0.009375000000000008	0.0010119227045580139
410.5	0.004525000000000015	0.0010119227045580139
411.5	0.006105000000000013	0.0010119227045580139
412.5	0.0056800000000000045	0.0010119227045580139
413.5	0.004269000000000009	0.0010119227045580139
414.5	0.00530700000000002	0.0010119227045580139
415.5	0.005552000000000015	0.0010119227045580139
416.5	0.0060230000000000145	0.0010119227045580139
417.5	0.004751000000000019	0.0010119227045580139
418.5	0.007414000000000018	0.0010119227045580139
419.5	0.011365	0.0010119227045580139
420.5	0.009150000000000005	0.0010119227045580139
421.5	0.010185000000000013	0.0010119227045580139
422.5	0.010588	0.0010119227045580139
423.5	0.006539000000000003	0.0010119227045580139
424.5	0.010809	0.0010119227045580139
436.5	0.005151000000000003	0.0010119227045580139
437.5	0.00438100000000001	0.0010119227045580139
438.5	0.005828000000000014	0.0010119227045580139
439.5	0.005037	0.0010119227045580139
441.5	0.004540000000000002	0.0010119227045580139
442.5	0.0030599999999999933	0.0010119227045580139
443.5	0.0029590000000000033	0.0010119227045580139
447.5	0.006693000000000018	0.0010119227045580139
448.5	0.007611999999999994	0.0010119227045580139
449.5	0.007418999999999995	0.0010119227045580139
451.5	0.010721999999999995	0.0010119227045580139
452.5	0.011580999999999994	0.0010119227045580139
453.5	0.013064000000000006	0.0010119227045580139
455.5	0.011561000000000002	0.0010119227045580139
456.5	0.011766000000000013	0.0010119227045580139
457.5	0.013676000000000008	0.0010119227045580139
458.5	0.014925000000000008	0.0010119227045580139
459.5	0.016511000000000012	0.0010119227045580139
460.5	0.019498	0.0010119227045580139
475.5	0.006844000000000003	0.0010119227045580139
477.5	0.011039000000000007	0.0010119227045580139
478.5	0.010013000000000008	0.0010119227045580139
479.5	0.0053460000000000035	0.0010119227045580139
481.5	0.008271000000000014	0.0010119227045580139
482.5	0.008615999999999999	0.0010119227045580139
503.5	0.005615999999999996	0.0010119227045580139
518.5	0.009968000000000019	0.0010119227045580139
524.5	0.01290200000000001	0.0010119227045580139
525.5	0.014526999999999998	0.0010119227045580139
527.5	0.015291000000000013	0.0010119227045580139
530.5	0.007538000000000003	0.0010119227045580139
532.5	0.005866999999999997	0.0010119227045580139
533.5	0.005029999999999993	0.0010119227045580139
541.5	0.011322000000000013	0.0010119227045580139
542.5	0.011365	0.0010119227045580139
543.5	0.011702000000000004	0.0010119227045580139
544.5	0.011279999999999998	0.0010119227045580139
545.5	0.014066000000000009	0.0010119227045580139
547.5	0.01490000000000001	0.0010119227045580139
548.5	0.018077999999999997	0.0010119227045580139
550.5	0.018487000000000017	0.0010119227045580139
551.5	0.01678700000000001	0.0010119227045580139
552.5	0.017780000000000004	0.0010119227045580139
553.5	0.014002	0.0010119227045580139
554.5	0.012703000000000006	0.0010119227045580139
555.5	0.009886999999999993	0.0010119227045580139
556.5	0.00946000000000001	0.0010119227045580139
557.5	0.006244000000000013	0.0010119227045580139
559.5	0.002802000000000013	0.0010119227045580139
560.5	0.0010010000000000158	0.0010119227045580139
562.5	0.0021940000000000154	0.0010119227045580139
563.5	0.0008290000000000103	0.0010119227045580139
564.5	0.0015250000000000125	0.0010119227045580139
565.5	0.00033000000000001084	0.0010119227045580139
566.5	0.00022700000000001885	0.0010119227045580139
567.5	0.0021840000000000054	0.0010119227045580139
568.5	0.004038	0.0010119227045580139
569.5	0.005418999999999993	0.0010119227045580139
570.5	0.007092000000000001	0.0010119227045580139
571.5	0.0073760000000000076	0.0010119227045580139
573.5	0.012567000000000009	0.0010119227045580139
590.5	0.0007760000000000128	0.0010119227045580139
591.5	0.004107000000000013	0.0010119227045580139
592.5	0.003044000000000005	0.0010119227045580139
593.5	0.003151000000000001	0.0010119227045580139
595.5	0.0005030000000000173	0.0010119227045580139
596.5	0.005621000000000001	0.0010119227045580139
597.5	0.005205000000000001	0.0010119227045580139
598.5	0.00746200000000001	0.0010119227045580139
599.5	0.008661000000000016	0.0010119227045580139
615.5	0.01326200000000001	0.0010119227045580139
616.5	0.008526999999999993	0.0010119227045580139
617.5	0.008094000000000004	0.0010119227045580139
618.5	0.007248000000000018	0.0010119227045580139
620.5	0.009414999999999993	0.0010119227045580139
622.5	0.008117	0.0010119227045580139
623.5	0.00898800000000001	0.0010119227045580139
624.5	0.009149000000000004	0.0010119227045580139
625.5	0.011966000000000018	0.0010119227045580139
626.5	0.011822000000000013	0.0010119227045580139
627.5	0.011505000000000001	0.0010119227045580139
630.5	0.01190200000000001	0.0010119227045580139
631.5	0.012177000000000007	0.0010119227045580139
632.5	0.010815000000000005	0.0010119227045580139
633.5	0.012952000000000005	0.0010119227045580139
634.5	0.013630000000000017	0.0010119227045580139
635.5	0.013788000000000009	0.0010119227045580139
636.5	0.013042000000000012	0.0010119227045580139
637.5	0.012105000000000019	0.0010119227045580139
638.5	0.012121000000000007	0.0010119227045580139
639.5	0.008694999999999994	0.0010119227045580139
640.5	0.008069000000000007	0.0010119227045580139
642.5	0.006482000000000002	0.0010119227045580139
643.5	0.007280999999999996	0.0010119227045580139
644.5	0.005632000000000012	0.0010119227045580139
645.5	0.006453	0.0010119227045580139
653.5	0.010749999999999996	0.0010119227045580139
654.5	0.012167999999999998	0.0010119227045580139
656.5	0.015791000000000013	0.0010119227045580139
657.5	0.018010000000000012	0.0010119227045580139
661.5	0.016262000000000013	0.0010119227045580139
665.5	0.009151000000000006	0.0010119227045580139
678.5	0.007247000000000017	0.0010119227045580139
681.5	0.013721999999999998	0.0010119227045580139
682.5	0.013938999999999993	0.0010119227045580139
686.5	0.014738000000000015	0.0010119227045580139
687.5	0.013828999999999994	0.0010119227045580139
689.5	0.014450000000000005	0.0010119227045580139
690.5	0.014828999999999995	0.0010119227045580139
691.5	0.012898000000000007	0.0010119227045580139
695.5	0.0077140000000000125	0.0010119227045580139
696.5	0.006492000000000012	0.0010119227045580139
697.5	0.004297000000000009	0.0010119227045580139
698.5	0.003169000000000019	0.0010119227045580139
699.5	0.001351000000000005	0.0010119227045580139
702.5	0.0032049999999999995	0.0010119227045580139
703.5	0.003725999999999993	0.0010119227045580139
708.5	0.0057839999999999975	0.0010119227045580139
709.5	0.00393700000000001	0.0010119227045580139
710.5	0.0057859999999999995	0.0010119227045580139
711.5	0.005816000000000002	0.0010119227045580139
712.5	0.0076000000000000095	0.0010119227045580139
724.5	0.00530700000000002	0.0010119227045580139
725.5	0.004713000000000009	0.0010119227045580139
726.5	0.0024300000000000016	0.0010119227045580139
727.5	0.003853000000000009	0.0010119227045580139
728.5	0.002581000000000014	0.0010119227045580139
729.5	0.004142999999999994	0.0010119227045580139
731.5	0.002572000000000005	0.0010119227045580139
732.5	0.0024020000000000014	0.0010119227045580139
733.5	0.004359000000000016	0.0010119227045580139
748.5	0.006236000000000005	0.0010119227045580139
751.5	0.007536000000000001	0.0010119227045580139
752.5	0.007455000000000003	0.0010119227045580139
754.5	0.005326000000000011	0.0010119227045580139
755.5	0.004989000000000007	0.0010119227045580139
756.5	0.005328000000000013	0.0010119227045580139
757.5	0.00555700000000002	0.0010119227045580139
763.5	0.0052510000000000195	0.0010119227045580139
764.5	0.006070000000000006	0.0010119227045580139
765.5	0.010902000000000009	0.0010119227045580139
766.5	0.01271700000000002	0.0010119227045580139
767.5	0.012870000000000006	0.0010119227045580139
770.5	0.012314000000000005	0.0010119227045580139
771.5	0.013083999999999998	0.0010119227045580139
772.5	0.015087000000000003	0.0010119227045580139
773.5	0.015438999999999994	0.0010119227045580139
774.5	0.01185600000000002	0.0010119227045580139
775.5	0.009510000000000005	0.0010119227045580139
777.5	0.007928000000000004	0.0010119227045580139
778.5	0.008654000000000009	0.0010119227045580139
779.5	0.007501999999999995	0.0010119227045580139
781.5	0.0032920000000000033	0.0010119227045580139
782.5	0.002458000000000002	0.0010119227045580139
787.5	0.0025220000000000103	0.0010119227045580139
788.5	0.0036500000000000005	0.0010119227045580139
789.5	0.004779999999999993	0.0010119227045580139
790.5	0.006233000000000002	0.0010119227045580139
792.5	0.011227000000000001	0.0010119227045580139
793.5	0.011257000000000003	0.0010119227045580139
794.5	0.012058	0.0010119227045580139
800.5	0.014660999999999993	0.0010119227045580139
801.5	0.01648100000000001	0.0010119227045580139
807.5	0.0072650000000000076	0.0010119227045580139
822.5	0.011456000000000008	0.0010119227045580139
823.5	0.017300999999999997	0.0010119227045580139
824.5	0.015663999999999997	0.0010119227045580139
825.5	0.014701000000000006	0.0010119227045580139
826.5	0.015123000000000011	0.0010119227045580139
828.5	0.009864999999999999	0.0010119227045580139
829.5	0.009962000000000013	0.0010119227045580139
830.5	0.00934900000000001	0.0010119227045580139
831.5	0.008011000000000004	0.0010119227045580139
832.5	0.006512000000000004	0.0010119227045580139
833.5	0.004928000000000002	0.0010119227045580139
834.5	0.006361999999999993	0.0010119227045580139
835.5	0.006266000000000008	0.0010119227045580139
836.5	0.0010520000000000113	0.0010119227045580139
838.5	0.002467000000000011	0.0010119227045580139
839.5	0.0037700000000000095	0.0010119227045580139
840.5	0.007082000000000019	0.0010119227045580139
841.5	0.006095000000000003	0.0010119227045580139
842.5	0.009361999999999995	0.0010119227045580139
843.5	0.010882000000000017	0.0010119227045580139
844.5	0.010268000000000013	0.0010119227045580139
846.5	0.014168	0.0010119227045580139
848.5	0.011381000000000016	0.0010119227045580139
850.5	0.010084999999999997	0.0010119227045580139
852.5	0.008174	0.0010119227045580139
853.5	0.0077180000000000165	0.0010119227045580139
855.5	0.0051149999999999946	0.0010119227045580139
856.5	0.007796000000000011	0.0010119227045580139
857.5	0.006641999999999995	0.0010119227045580139
858.5	0.005639000000000019	0.0010119227045580139
859.5	0.004497000000000015	0.0010119227045580139
860.5	0.004858000000000015	0.0010119227045580139
863.5	0.005486000000000005	0.0010119227045580139
865.5	0.006810999999999998	0.0010119227045580139
866.5	0.007973999999999995	0.0010119227045580139
867.5	0.00837700000000001	0.0010119227045580139
868.5	0.009646000000000002	0.0010119227045580139
869.5	0.009914999999999993	0.0010119227045580139
870.5	0.010036000000000003	0.0010119227045580139
871.5	0.007019000000000011	0.0010119227045580139
874.5	0.006903000000000006	0.0010119227045580139
875.5	0.008732000000000004	0.0010119227045580139
876.5	0.008063	0.0010119227045580139
878.5	0.007074000000000011	0.0010119227045580139
881.5	0.0055609999999999965	0.0010119227045580139
882.5	0.005607000000000015	0.0010119227045580139
883.5	0.004959000000000005	0.0010119227045580139
884.5	0.005327000000000012	0.0010119227045580139
890.5	0.005556000000000019	0.0010119227045580139
891.5	0.00938700000000002	0.0010119227045580139
892.5	0.010245000000000018	0.0010119227045580139
896.5	0.008726999999999999	0.0010119227045580139
898.5	0.012244000000000019	0.0010119227045580139
899.5	0.007417999999999994	0.0010119227045580139
900.5	0.00987700000000001	0.0010119227045580139
901.5	0.008085999999999996	0.0010119227045580139
902.5	0.009203000000000003	0.0010119227045580139
903.5	0.007071000000000008	0.0010119227045580139
904.5	0.0072760000000000186	0.0010119227045580139
905.5	0.0056709999999999955	0.0010119227045580139
906.5	0.00537	0.0010119227045580139
907.5	0.004265000000000005	0.0010119227045580139
910.5	0.0018460000000000004	0.0010119227045580139
913.5	0.005971000000000018	0.0010119227045580139
914.5	0.007041000000000006	0.0010119227045580139
915.5	0.009357000000000018	0.0010119227045580139
917.5	0.008363999999999996	0.0010119227045580139
921.5	0.009104000000000015	0.0010119227045580139
922.5	0.005712000000000009	0.0010119227045580139
923.5	0.00643500000000001	0.0010119227045580139
924.5	0.004610000000000017	0.0010119227045580139
929.5	0.005855000000000013	0.0010119227045580139
930.5	0.007420999999999997	0.0010119227045580139
931.5	0.004173999999999997	0.0010119227045580139
932.5	0.002578000000000011	0.0010119227045580139
943.5	0.006666000000000019	0.0010119227045580139
944.5	0.009158000000000013	0.0010119227045580139
945.5	0.00835900000000002	0.0010119227045580139
946.5	0.008224999999999996	0.0010119227045580139
947.5	0.006798000000000012	0.0010119227045580139
948.5	0.006544000000000008	0.0010119227045580139
949.5	0.006665000000000018	0.0010119227045580139
950.5	0.006317000000000003	0.0010119227045580139
951.5	0.007870000000000002	0.0010119227045580139
952.5	0.007102000000000011	0.0010119227045580139
953.5	0.007249000000000019	0.0010119227045580139
954.5	0.006353000000000011	0.0010119227045580139
969.5	-0.0007029999999999953	0.0010119227045580139
970.5	0.0025480000000000086	0.0010119227045580139
976.5	0.0056830000000000075	0.0010119227045580139
977.5	0.004573000000000008	0.0010119227045580139
978.5	0.0055680000000000035	0.0010119227045580139
979.5	0.004944000000000018	0.0010119227045580139
980.5	0.005940000000000015	0.0010119227045580139
981.5	0.006305000000000019	0.0010119227045580139
982.5	0.007009000000000001	0.0010119227045580139
983.5	0.006381000000000012	0.0010119227045580139
984.5	0.006154000000000007	0.0010119227045580139
987.5	0.005871000000000001	0.0010119227045580139
988.5	0.003159000000000009	0.0010119227045580139
989.5	0.0028650000000000203	0.0010119227045580139
990.5	0.002704999999999999	0.0010119227045580139
992.5	0.002595	0.0010119227045580139
993.5	0.0033030000000000143	0.0010119227045580139
997.5	0.005885000000000015	0.0010119227045580139
998.5	0.009593000000000004	0.0010119227045580139
999.5	0.011591000000000004	0.0010119227045580139
1005.5	0.011937000000000017	0.0010119227045580139
1006.5	0.011263000000000009	0.0010119227045580139
1007.5	0.01374400000000002	0.0010119227045580139
1012.5	0.01056	0.0010119227045580139
1013.5	0.0074990000000000195	0.0010119227045580139
1014.5	0.007931000000000007	0.0010119227045580139
1015.5	0.006901000000000004	0.0010119227045580139
1018.5	0.004560999999999996	0.0010119227045580139
1019.5	0.004108000000000014	0.0010119227045580139
1022.5	0.005548000000000011	0.0010119227045580139
1025.5	0.01145800000000001	0.0010119227045580139
1026.5	0.011659000000000017	0.0010119227045580139
1028.5	0.014701000000000006	0.0010119227045580139
1029.5	0.01079200000000001	0.0010119227045580139
1045.5	0.005601000000000009	0.0010119227045580139
1048.5	0.00952500000000002	0.0010119227045580139
1049.5	0.015153000000000014	0.0010119227045580139
1050.5	0.011963000000000015	0.0010119227045580139
1051.5	0.013476000000000002	0.0010119227045580139
1053.5	0.020955000000000015	0.0010119227045580139
1054.5	0.017908999999999994	0.0010119227045580139
1056.5	0.017944	0.0010119227045580139
1057.5	0.018469	0.0010119227045580139
1058.5	0.01746300000000002	0.0010119227045580139
1059.5	0.013782000000000003	0.0010119227045580139
1060.5	0.011883000000000019	0.0010119227045580139
1061.5	0.011265000000000011	0.0010119227045580139
1062.5	0.01074600000000002	0.0010119227045580139
1070.5	0.007339999999999999	0.0010119227045580139
1071.5	0.008598000000000008	0.0010119227045580139
1072.5	0.007317000000000004	0.0010119227045580139
1076.5	0.010900000000000007	0.0010119227045580139
1077.5	0.013372000000000009	0.0010119227045580139
1078.5	0.012582999999999997	0.0010119227045580139
1079.5	0.01911800000000001	0.0010119227045580139
1081.5	0.017492999999999995	0.0010119227045580139
1082.5	0.020930000000000018	0.0010119227045580139
1084.5	0.017820000000000016	0.0010119227045580139
1088.5	0.006204000000000001	0.0010119227045580139
1089.5	0.009802000000000019	0.0010119227045580139
1090.5	0.008784	0.0010119227045580139
1092.5	0.011813000000000004	0.0010119227045580139
1097.5	0.016856999999999997	0.0010119227045580139
1099.5	0.01570500000000001	0.0010119227045580139
1108.5	0.012740000000000015	0.0010119227045580139
1109.5	0.015203000000000008	0.0010119227045580139
1112.5	0.007743000000000014	0.0010119227045580139
1114.5	0.005395999999999998	0.0010119227045580139
1115.5	0.002830000000000013	0.0010119227045580139
1116.5	0.005477999999999997	0.0010119227045580139
1117.5	0.006708000000000006	0.0010119227045580139
1118.5	0.006850000000000009	0.0010119227045580139
1119.5	0.010852000000000014	0.0010119227045580139
1123.5	0.014115000000000003	0.0010119227045580139
1124.5	0.013301999999999994	0.0010119227045580139
1125.5	0.013450000000000004	0.0010119227045580139
1126.5	0.010224999999999998	0.0010119227045580139
1127.5	0.018570000000000017	0.0010119227045580139
1128.5	0.018386	0.0010119227045580139
1132.5	0.018106999999999998	0.0010119227045580139
1133.5	0.01629600000000002	0.0010119227045580139
1134.5	0.013423000000000004	0.0010119227045580139
1135.5	0.017207000000000014	0.0010119227045580139
1136.5	0.014395000000000005	0.0010119227045580139
1137.5	0.009910000000000016	0.0010119227045580139
1138.5	0.0072640000000000066	0.0010119227045580139
1141.5	0.0016080000000000122	0.0010119227045580139
1142.5	0.0035170000000000062	0.0010119227045580139
1143.5	0.002364000000000019	0.0010119227045580139
1148.5	0.009119000000000002	0.0010119227045580139
1149.5	0.009307999999999997	0.0010119227045580139
1150.5	0.009755	0.0010119227045580139
1151.5	0.00855400000000002	0.0010119227045580139
1152.5	0.008023000000000016	0.0010119227045580139
1153.5	0.008138999999999993	0.0010119227045580139
1154.5	0.007541000000000006	0.0010119227045580139
1155.5	0.0057829999999999965	0.0010119227045580139
1157.5	0.015089000000000005	0.0010119227045580139
1158.5	0.012646000000000004	0.0010119227045580139
1159.5	0.012869000000000005	0.0010119227045580139
1160.5	0.012607999999999994	0.0010119227045580139
1161.5	0.010345000000000007	0.0010119227045580139
1163.5	0.009868000000000002	0.0010119227045580139
1164.5	0.006630000000000011	0.0010119227045580139
1165.5	0.009629000000000013	0.0010119227045580139
1168.5	0.007245000000000015	0.0010119227045580139
1183.5	0.012343000000000007	0.0010119227045580139
1184.5	0.014461000000000016	0.0010119227045580139
1185.5	0.013406000000000015	0.0010119227045580139
1190.5	0.0074800000000000005	0.0010119227045580139
1195.5	0.002703999999999998	0.0010119227045580139
1199.5	0.005862999999999993	0.0010119227045580139
1203.5	0.010141999999999998	0.0010119227045580139
1204.5	0.007557999999999995	0.0010119227045580139
1205.5	0.009664999999999993	0.0010119227045580139
1206.5	0.009327000000000016	0.0010119227045580139
1207.5	0.01020900000000001	0.0010119227045580139
1208.5	0.010290000000000007	0.0010119227045580139
1211.5	0.016099000000000016	0.0010119227045580139
1212.5	0.016269999999999993	0.0010119227045580139
1213.5	0.018989999999999993	0.0010119227045580139
1214.5	0.017909999999999995	0.0010119227045580139
1215.5	0.015770999999999993	0.0010119227045580139
1216.5	0.014577999999999994	0.0010119227045580139
1224.5	0.004833000000000018	0.0010119227045580139
1238.5	0.015050999999999995	0.0010119227045580139
1243.5	0.014651000000000011	0.0010119227045580139
1244.5	0.011394000000000001	0.0010119227045580139
1245.5	0.006551000000000015	0.0010119227045580139
1246.5	0.007115999999999997	0.0010119227045580139
1247.5	0.006650000000000003	0.0010119227045580139
1250.5	0.0029600000000000043	0.0010119227045580139
1251.5	0.004199999999999995	0.0010119227045580139
1253.5	0.003276000000000015	0.0010119227045580139
1256.5	0.011255000000000001	0.0010119227045580139
1257.5	0.016618000000000008	0.0010119227045580139
1258.5	0.018166	0.0010119227045580139
1259.5	0.015254000000000004	0.0010119227045580139
1260.5	0.014214000000000018	0.0010119227045580139
1261.5	0.011401000000000008	0.0010119227045580139
1262.5	0.011175000000000004	0.0010119227045580139
1263.5	0.014185000000000017	0.0010119227045580139
1264.5	0.011592000000000005	0.0010119227045580139
1266.5	0.007065000000000002	0.0010119227045580139
1267.5	0.008896000000000001	0.0010119227045580139
1268.5	0.008956000000000006	0.0010119227045580139
1269.5	0.011343000000000006	0.0010119227045580139
