2439370.857 0.173873
2439371.843 0.175041
2439372.830 0.174457
2439392.845 0.175236
2439393.831 0.175918
2439423.818 0.173386
2439424.841 0.171925
2439487.847 0.173288
2439488.833 0.170464
2439517.870 0.178547
2439549.830 0.173970
2439550.852 0.180690
2439551.839 0.182735
2439597.860 0.163355
2439598.810 0.166569
2439667.842 0.158680
2439668.828 0.163452
2439669.851 0.157219
2439670.837 0.158096
2439692.862 0.160043
2439693.848 0.165400
2439695.857 0.166374
2439720.840 0.154784
2439721.826 0.162868
2439722.812 0.164816
2439723.835 0.178158
2439724.821 0.176892
2439787.827 0.175139
2439788.849 0.173581
2439887.832 0.178937
2440012.857 0.187312
2440038.826 0.166471
2440047.848 0.165984
2440049.820 0.175723
2440069.836 0.178742
2440078.821 0.177087
2440080.830 0.175139
2440106.836 0.165595
2440107.822 0.176794
2440108.845 0.172509
2440130.833 0.169393
2440168.819 0.168322
2440169.842 0.169782
2440170.828 0.172899
2440202.824 0.172412
2440203.810 0.176502
2440224.812 0.173288
2440225.834 0.170464
2440253.849 0.174554
2440254.835 0.174360
2440255.858 0.179619
2440285.845 0.189747
2440286.831 0.183806
2440312.837 0.175139
2440313.860 0.184293
2440341.838 0.170756
2440342.824 0.173970
2440343.810 0.167055
2440457.805 0.167348
2440458.864 0.172509
2440518.802 0.178645
2440520.810 0.171341
2440574.831 0.180203
2440612.853 0.180495
2440613.840 0.181079
2440663.842 0.180495
2440664.828 0.184878
2440665.815 0.181079
2440666.837 0.176210
2440688.825 0.170172
2440689.848 0.169003
2440726.848 0.173386
2440727.834 0.167737
2440844.824 0.178547
2441042.826 0.173970
2441053.856 0.175626
2441134.832 0.166569
2441135.855 0.165205
2441136.841 0.168711
2441137.864 0.176989