2453001.485 0.179144
2453002.507 0.165842
2453003.208 0.168620
2453007.208 0.166135
2453009.526 0.164288
2453011.208 0.167990
2453012.208 0.169996
2453013.552 0.165356
2453015.492 0.166425
2453023.544 0.169920
2453027.570 0.168172
2453028.208 0.170774
2453031.208 0.168582
2453031.596 0.163512
2453032.208 0.166302
2453033.208 0.165396
2453034.597 0.164483
2453038.208 0.165106
2453042.576 0.166425
2453044.589 0.166036
2453046.602 0.168172
2453048.615 0.166327
2453050.628 0.167395
2453053.208 0.169281
2453053.629 0.165842
2453055.208 0.166625
2453055.642 0.163609
2453061.208 0.168786
2453061.644 0.164774
2453071.673 0.164385
2453074.208 0.167297
2453074.711 0.167007
2453076.724 0.164968
2453079.725 0.164385
2453081.738 0.165648
2453083.208 0.167464
2453083.714 0.165259
2453085.727 0.163803
2453087.704 0.167104
2453089.717 0.167493
2453091.208 0.166340
2453092.754 0.167590
2453094.767 0.166716
2453095.208 0.168279
2453096.744 0.167298
2453104.759 0.164483
2453107.760 0.170600
2453109.208 0.164344
2453109.773 0.168464
2453110.208 0.164077
2453111.786 0.162929
2453113.799 0.168658
2453115.812 0.167978
2453117.208 0.170782
2453117.825 0.165454
2453119.208 0.167248
2453121.778 0.164094
2453126.208 0.165405
2453127.817 0.167298
2453131.843 0.166813
2453133.856 0.167007
2453135.869 0.168852
2453137.208 0.168632
2453137.882 0.167104
2453138.208 0.167514
2453139.859 0.162929
2453140.208 0.168319
2453141.872 0.166716
2453146.922 0.164677
2453147.208 0.167595
2453147.874 0.165648
2453150.208 0.169381
2453151.900 0.171765
2453153.913 0.168561
2453154.208 0.166376
2453159.208 0.168433
2453160.208 0.165831
2453160.940 0.166327
2453161.208 0.164957
2453162.953 0.161958
2453164.966 0.165551
2453165.954 0.163317
2453166.208 0.164675
2453166.906 0.164288
2453167.208 0.165110
2453168.919 0.165065
2453171.208 0.166068
2453171.957 0.163317
2453173.208 0.164768
2453173.970 0.164483
2453176.971 0.164774
2453178.984 0.164774
2453180.997 0.165745
2453182.208 0.163720
2453188.024 0.163512
2453190.037 0.164483
2453193.002 0.164774
2453196.003 0.163512
2453205.043 0.167687
2453208.081 0.168755
2453208.208 0.173683
2453213.059 0.167687
2453215.208 0.166613
2453216.060 0.165454
2453217.208 0.165179
2453218.073 0.162055
2453222.099 0.162444
2453222.208 0.166908
2453226.125 0.163803
2453227.208 0.170912
2453238.208 0.165772
2453244.208 0.165099
2453250.208 0.165066
2453251.208 0.164696
2453252.184 0.165162
2453255.222 0.167590
2453258.208 0.168636
2453259.208 0.166152
2453263.208 0.170301
2453265.208 0.167144
2453271.208 0.166926
2453277.218 0.165356
2453281.244 0.167978
2453283.257 0.169046
2453286.259 0.164580
2453287.208 0.167234
2453288.272 0.165454
2453292.298 0.164580
2453293.208 0.166134
2453294.208 0.166201
2453295.262 0.165745
2453303.314 0.167298
2453310.341 0.169920
2453312.354 0.167687
2453313.208 0.167285
2453314.208 0.167698
2453314.367 0.167104
2453318.208 0.167501
2453320.208 0.166756
2453321.208 0.167491
2453321.358 0.165454
2453330.398 0.166522
2453334.424 0.165939
2453336.401 0.166425
2453341.208 0.166551
2453341.415 0.168464
2453342.208 0.164324
2453350.208 0.165572
2453350.455 0.166716
2453353.208 0.166314
2453354.208 0.163927
2453356.457 0.160890
2453358.470 0.163123
2453360.208 0.166025
2453361.508 0.167395
2453365.461 0.167881
2453371.500 0.165551
2453383.472 0.163900
2453386.502 0.167590
2453389.208 0.169471
2453390.480 0.168658
2453393.510 0.166230
2453396.208 0.166486
2453396.503 0.166619
2453399.208 0.165739
2453404.533 0.171862
2453405.208 0.164988
2453431.506 0.166425
2453437.208 0.164337
2453437.492 0.165745
2453438.208 0.165826
2453438.514 0.163900
2453440.208 0.167866
2453440.522 0.164871
2453441.208 0.168130
2453441.507 0.165356
2453446.208 0.168302
2453456.509 0.164774
2453460.208 0.163600
2453461.208 0.164037
2453461.509 0.167007
2453462.208 0.162937
2453464.502 0.165551
2453466.510 0.170600
2453468.481 0.165162
2453472.496 0.163609
2453474.503 0.167104
2453476.511 0.163123
2453478.482 0.163220
2453479.208 0.166408
2453480.208 0.165797
2453482.208 0.167157
2453486.208 0.163415
2453488.208 0.164524
2453489.208 0.164017
2453497.208 0.168361
2453500.208 0.168645
2453501.208 0.167262
2453502.499 0.165162
2453503.208 0.168900
2453504.208 0.168369
2453507.208 0.163858
2453509.507 0.162832
2453511.208 0.161311
2453512.536 0.166425
2453514.208 0.164852
2453514.471 0.168561
2453522.208 0.167804
2453523.208 0.168956
2453525.208 0.168304
2453527.501 0.164288
2453528.208 0.167821
2453529.208 0.167486
2453529.509 0.164385
2453530.208 0.169645
2453531.208 0.169072
2453535.208 0.169298
2453535.495 0.167590
2453536.208 0.166078
2453538.208 0.167018
2453538.488 0.161667
2453539.208 0.164150
2453539.510 0.166327
2453541.481 0.166425
2453549.208 0.165896
2453550.208 0.165721
2453550.496 0.174095
2453551.208 0.167369
2453551.518 0.165162
2453552.208 0.167283
2453553.526 0.167881
2453555.533 0.168269
2453557.208 0.170129
2453557.504 0.168949
2453559.208 0.167918
2453559.475 0.167007
2453560.208 0.168691
2453561.483 0.166230
2453563.490 0.166522
2453570.498 0.167007
2453572.506 0.168658
2453574.513 0.168949
2453577.470 0.162249
2453578.492 0.161473
2453580.208 0.166205
2453580.499 0.166133
2453588.493 0.166230
2453596.523 0.164483
2453599.479 0.158365
2453600.501 0.160599
2453609.208 0.167566
2453609.517 0.166910
2453610.502 0.162444
2453612.208 0.166998
2453612.510 0.161861
2453613.208 0.167304
2453613.495 0.161473
2453615.503 0.160016
2453624.482 0.160793
2453625.504 0.158365
2453627.511 0.161278
2453629.208 0.167484
2453630.208 0.166255
2453631.490 0.167784
2453636.527 0.166230
2453637.208 0.167970
2453639.520 0.167881
2453640.208 0.164985
2453640.469 0.167201
2453641.208 0.166638
2453642.476 0.166133
2453643.498 0.160210
2453644.208 0.164196
2453649.208 0.163311
2453649.484 0.159822
2453651.208 0.168201
2453654.521 0.160502
2453655.507 0.161181
2453658.500 0.165454
2453661.208 0.164417
2453662.208 0.163480
2453663.208 0.165331
2453663.500 0.164191
2453664.208 0.164837
2453666.493 0.164288
2453668.208 0.164509
2453668.501 0.162929
2453670.508 0.161181
2453673.501 0.165065
2453675.208 0.164645
2453675.509 0.160987
2453676.208 0.163978
2453677.516 0.168852
2453680.509 0.161958
2453683.208 0.165662
2453685.208 0.165196
2453687.481 0.164191
2453689.208 0.162082
2453689.488 0.164580
2453690.208 0.162434
2453690.510 0.163609
2453691.208 0.165883
2453692.208 0.167727
2453692.481 0.164385
2453694.489 0.163997
2453696.208 0.166666
2453697.518 0.165259
2453702.519 0.164191
2453703.208 0.163943
2453704.526 0.164288
2453705.208 0.165780
2453706.208 0.167666
2453707.208 0.168751
2453708.505 0.164385
2453709.490 0.165065
2453710.208 0.166206
2453711.208 0.166214
2453712.208 0.166965
2453712.483 0.163609
2453716.498 0.164288
2453718.506 0.163997
2453719.208 0.167247
2453721.499 0.166230
2453725.477 0.167104
2453726.208 0.164657
2453727.208 0.164475
2453727.485 0.163997
2453728.208 0.165437
2453729.492 0.164191
2453732.208 0.165538
2453733.507 0.163706
2453734.208 0.168764
2453735.208 0.168304
2453740.208 0.165289
2453741.501 0.162832
2453745.515 0.163415
2453746.208 0.163800
2453746.464 0.164871
2453747.208 0.164429
2453748.208 0.165112
2453749.208 0.165896
2453749.494 0.165551
2453753.208 0.163685
2453754.208 0.163388
2453756.208 0.165169
2453756.502 0.165454
2453757.487 0.159725
2453764.496 0.166522
2453766.208 0.163927
2453766.503 0.165454
2453768.474 0.161473
2453769.533 0.162929
2453770.208 0.163685
2453772.489 0.167978
2453773.208 0.165593
2453774.208 0.162777
2453774.496 0.164871
2453778.512 0.165745
2453780.208 0.163284
2453782.208 0.164528
2453783.208 0.166838
2453783.512 0.163997
2453785.519 0.166133
2453791.469 0.161667
2453795.484 0.163317
2453797.492 0.164385
2453798.513 0.159919
2453799.499 0.162346
2453801.208 0.164904
2453808.208 0.163732
2453809.208 0.162573
2453810.522 0.166619
2453811.208 0.165161
2453812.530 0.167007
2453816.208 0.166223
2453818.208 0.163491
2453819.208 0.162653
2453825.208 0.163368
2453828.516 0.163706
2453832.208 0.165610
2453833.208 0.166273
2453834.466 0.164774
2453837.208 0.166824
2453837.495 0.158754
2453838.208 0.163648
2453839.208 0.165447
2453839.503 0.166910
2453841.510 0.160890
2453843.208 0.166243
2453844.208 0.164396
2453845.208 0.164985
2453845.489 0.160405
2453846.208 0.163913
2453846.511 0.161278
2453847.208 0.163857
2453848.519 0.162152
2453850.208 0.166142
2453851.512 0.162444
2453852.208 0.166249
2453853.208 0.167245
2453854.208 0.168679
2453857.208 0.169836
2453858.208 0.167328
2453860.208 0.165982
2453861.208 0.164913
2453864.208 0.165436
2453864.505 0.167590
2453865.208 0.166905
2453866.208 0.167217
2453866.513 0.162735
2453867.208 0.169342
2453868.521 0.163317
2453869.506 0.161764
2453870.492 0.161667
2453872.208 0.166796
2453873.208 0.167167
2453874.208 0.163204
2453876.478 0.164191
2453879.208 0.169427
2453879.470 0.165454
2453880.208 0.167808
2453881.208 0.169476
2453881.478 0.164774
2453882.208 0.167646
2453883.485 0.164288
2453886.515 0.164968
2453887.208 0.167025
2453888.486 0.163123
2453890.493 0.161764
2453892.501 0.162249
2453894.508 0.161181
2453896.516 0.167201
2453900.208 0.163414
2453901.208 0.161590
2453928.208 0.164340
2453930.208 0.167779
2453934.208 0.163633
2453938.527 0.160599
2453939.513 0.162249
2453950.499 0.158171
2453955.500 0.164968
2453962.471 0.157783
2453964.479 0.159822
2453972.208 0.164818
2453973.208 0.162662
2453984.481 0.163123
2453985.208 0.166323
2453994.208 0.164403
2453997.208 0.164375
2453998.208 0.165695
2454004.208 0.163572
2454005.208 0.164083
2454006.208 0.162029
2454012.208 0.166995
2454012.476 0.166619
2454014.208 0.163631
2454019.208 0.164898
2454020.208 0.161584
2454021.208 0.164073
2454021.492 0.159822
2454022.208 0.160930
2454026.208 0.161686
2454028.208 0.161769
2454029.208 0.162870
2454032.208 0.162737
2454035.508 0.161570
2454036.208 0.162304
2454041.208 0.165799
2454042.208 0.166876
2454046.208 0.163906
2454050.473 0.164483
2454055.208 0.164840
2454056.208 0.164626
2454056.496 0.162735
2454057.208 0.167240
2454058.503 0.163123
2454060.208 0.163901
2454061.208 0.164683
2454068.208 0.165146
2454071.208 0.161840
2454072.482 0.168269
2454073.504 0.169629
2454075.208 0.162610
2454076.208 0.165617
2454077.208 0.162605
2454079.490 0.167493
2454081.208 0.163596
2454081.498 0.163415
2454083.208 0.165963
2454090.477 0.163220
2454091.208 0.164981
2454091.536 0.161958
2454094.492 0.163317
2454096.208 0.164601
2454096.499 0.162346
2454100.515 0.164288
2454104.208 0.165082
2454105.208 0.166371
2454105.515 0.164094
2454106.208 0.167465
2454107.522 0.167104
2454109.208 0.168152
2454109.530 0.164483
2454111.464 0.162929
2454112.523 0.163026
2454115.479 0.163900
2454117.208 0.165645
2454118.509 0.161084
2454123.510 0.162638
2454124.495 0.162249
2454126.208 0.162992
2454126.502 0.163997
2454128.510 0.164483
2454130.518 0.165551
2454134.533 0.165842
2454135.482 0.164483
2454137.208 0.165600
2454137.489 0.164191
2454138.208 0.163856
2454139.208 0.164839
2454141.208 0.162551
2454147.490 0.161861
2454148.208 0.162180
2454149.498 0.163317
2454153.208 0.162438
2454153.513 0.162541
2454155.208 0.162605
2454155.484 0.163803
2454157.491 0.162152
2454158.208 0.164630
2454158.476 0.163220
2454159.208 0.163723
2454160.208 0.165060
2454161.208 0.164507
2454161.506 0.164191
2454162.208 0.163321
2454162.492 0.164094
2454164.499 0.163803
2454166.208 0.162842
2454168.514 0.164774
2454169.208 0.163128
2454169.499 0.162929
2454171.507 0.161764
2454172.529 0.161667
2454173.208 0.162811
2454174.208 0.163932
2454174.500 0.162444
2454175.208 0.162963
2454176.208 0.162380
2454176.471 0.161861
2454179.501 0.162055
2454180.208 0.163287
2454180.486 0.162735
2454181.208 0.163335
2454186.208 0.162435
2454186.508 0.164871
2454187.494 0.164871
2454188.208 0.163865
2454189.208 0.164058
2454189.501 0.164094
2454190.524 0.163803
2454192.495 0.164094
2454193.208 0.161946
2454195.524 0.177688
2454207.208 0.164104
2454208.482 0.163415
2454209.208 0.162061
2454209.504 0.161375
2454211.208 0.162906
2454213.519 0.163706
2454214.208 0.162604
2454215.208 0.161509
2454217.461 0.164677
2454219.468 0.166619
2454220.490 0.166910
2454221.476 0.165939
2454224.208 0.164861
2454224.505 0.163900
2454225.208 0.162250
2454227.498 0.164288
2454228.208 0.162959
2454230.491 0.162832
2454234.506 0.164288
2454235.492 0.164191
2454242.208 0.162062
2454243.208 0.163550
2454244.208 0.163172
2454245.208 0.163715
2454246.208 0.164078
2454248.485 0.164580
2454249.507 0.164385
2454250.208 0.162492
2454250.493 0.165745
2454251.208 0.162011
2454253.208 0.161952
2454256.208 0.166843
2454257.208 0.163896
2454258.523 0.164483
2454259.508 0.162929
2454261.516 0.162929
2454265.208 0.162273
2454265.495 0.161764
2454266.208 0.162057
2454267.208 0.162139
2454267.502 0.161570
2454268.487 0.159045
2454270.208 0.161893
2454270.495 0.162249
2454271.208 0.160925
2454272.502 0.160696
2454274.208 0.159020
2454274.510 0.164871
2454276.518 0.166522
2454277.208 0.162275
2454278.208 0.163113
2454278.525 0.165454
2454279.510 0.165356
2454281.518 0.165745
2454283.525 0.165454
2454284.475 0.166619
2454286.482 0.165745
2454288.490 0.166716
2454291.482 0.164871
2454298.208 0.163112
2454301.208 0.163061
2454301.520 0.164483
2454308.492 0.159628
2454313.492 0.165939
2454314.514 0.167007
2454315.499 0.165745
2454320.500 0.164871
2454321.208 0.161975
2454321.522 0.163706
2454322.507 0.164483
2454325.464 0.167395
2454332.508 0.160113
2454333.494 0.159239
2454337.509 0.158754
2454340.208 0.161953
2454346.524 0.158657
2454348.208 0.161818
2454349.208 0.161075
2454354.481 0.165842
2454356.208 0.161597
2454357.208 0.161839
2454358.208 0.162431
2454363.208 0.161772
2454363.497 0.158560
2454365.208 0.161747
2454367.512 0.165162
2454369.208 0.165335
2454370.468 0.164871
2454371.208 0.160836
2454374.484 0.164580
2454377.476 0.161958
2454384.521 0.159045
2454391.529 0.158851
2454393.500 0.163123
2454396.208 0.162807
2454397.208 0.163449
2454397.479 0.165162
2454398.208 0.164412
2454399.208 0.162335
2454400.208 0.164180
2454404.208 0.164734
2454405.508 0.157492
2454407.208 0.166232
2454410.208 0.164763
2454410.509 0.161473
2454412.516 0.163512
2454413.208 0.161449
2454414.208 0.164301
2454414.487 0.162055
2454416.495 0.160502
2454424.208 0.164047
2454426.208 0.164677
2454439.208 0.167284
2454440.208 0.164518
2454453.208 0.165295
2454454.208 0.163000
2454461.208 0.162939
2454475.208 0.163319
2454476.208 0.162787
2454477.208 0.163409
2454480.208 0.162647
2454481.208 0.160543
2454484.208 0.161516
2454496.208 0.162480
2454497.208 0.165367
2454503.208 0.163410
2454504.208 0.163661
2454505.208 0.162397
2454508.208 0.164420
2454509.208 0.162646
2454510.208 0.164256
2454516.208 0.162273
2454523.208 0.162194
2454524.208 0.164147
2454525.208 0.163215
2454531.208 0.163373
2454533.208 0.166246
2454537.208 0.162916
2454538.208 0.164413
2454539.208 0.163523
2454544.208 0.162332
2454545.208 0.163118
2454546.208 0.163175
2454564.208 0.161736
2454574.208 0.164580
2454575.208 0.162413
2454578.208 0.164559
2454579.208 0.164509
2454582.208 0.164801
2454585.208 0.164263
2454589.208 0.163185
2454593.208 0.161678
2454600.208 0.164667
2454606.208 0.165617
2454608.208 0.164428
2454615.208 0.164824
2454620.208 0.164699
2454621.208 0.162526
2454622.208 0.162496
2454624.208 0.163212
2454630.208 0.163714
2454679.073 0.163200
2454680.098 0.165600
2454680.208 0.160515
2454681.086 0.165900
2454687.125 0.164500
2454690.126 0.164200
2454693.091 0.164600
2454694.115 0.162300
2454695.104 0.160800
2454697.117 0.162700
2454699.130 0.161300
2454701.143 0.158600
2454702.131 0.160900
2454703.156 0.163400
2454707.182 0.161000
2454708.170 0.160900
2454710.183 0.160400
2454713.184 0.163400
2454714.209 0.158100
2454715.208 0.161958
2454716.222 0.159500
2454718.162 0.159900
2454720.175 0.165600
2454722.188 0.160300
2454724.201 0.165700
2454725.225 0.162400
2454726.208 0.162061
2454727.202 0.161300
2454728.208 0.161879
2454729.208 0.163857
2454730.240 0.165900
2454732.208 0.165389
2454732.253 0.163900
2454733.208 0.164104
2454734.208 0.161624
2454735.208 0.166412
2454735.254 0.159900
2454736.205 0.163700
2454738.218 0.163300
2454740.208 0.163873
2454742.244 0.164900
2454746.270 0.167300
2454747.259 0.164800
2454749.272 0.166600
2454750.296 0.165000
2454752.273 0.166600
2454755.311 0.160100
2454756.262 0.165700
2454758.275 0.164200
2454761.276 0.162600
2454763.208 0.162785
2454763.289 0.166100
2454764.208 0.165504
2454765.302 0.167400
2454767.208 0.167007
2454767.315 0.164700
2454768.208 0.164986
2454769.208 0.165330
2454769.328 0.168100
2454773.354 0.167100
2454774.208 0.163197
2454775.367 0.163100
2454777.208 0.163664
2454777.380 0.159200
2454778.208 0.164281
2454778.369 0.156400
2454779.320 0.161700
2454783.208 0.163975
2454784.208 0.166328
2454784.371 0.164000
2454785.359 0.166000
2454787.372 0.164000
2454789.208 0.165002
2454789.385 0.166000
2454790.208 0.163057
2454791.208 0.163279
2454791.398 0.165700
2454792.208 0.163094
2454793.411 0.165600
2454795.208 0.162844
2454796.412 0.162000
2454801.390 0.161200
2454802.208 0.164655
2454803.403 0.164700
2454804.208 0.163425
2454805.416 0.165600
2454806.208 0.163544
2454807.429 0.164800
2454812.208 0.162187
2454821.447 0.159300
2454822.508 0.161800
2454823.208 0.166744
2454823.460 0.164100
2454829.499 0.163600
2454830.208 0.161855
2454830.487 0.163900
2454832.500 0.163700
2454834.507 0.162700
2454840.208 0.164235
2454841.208 0.163717
2454842.464 0.162400
2454844.208 0.161895
2454844.472 0.163800
2454845.208 0.163114
2454846.208 0.165304
2454846.479 0.166200
2454847.208 0.163949
2454848.208 0.162546
2454849.509 0.162500
2454850.495 0.163600
2454852.208 0.164634
2454852.502 0.164200
2454859.510 0.156400
2454860.496 0.163700
2454861.208 0.164293
2454862.208 0.163352
2454862.503 0.161200
2454865.208 0.162787
2454865.533 0.162100
2454866.208 0.162724
2454867.504 0.163700
2454868.208 0.163420
2454868.489 0.165700
2454874.208 0.163594
2454876.208 0.163910
2454876.519 0.156900
2454877.504 0.161500
2454879.512 0.165400
2454881.519 0.163500
2454883.527 0.162400
2454886.484 0.163900
2454888.491 0.164400
2454890.498 0.166800
2454893.492 0.168400
2454894.513 0.167700
2454895.208 0.163720
2454896.485 0.163700
2454898.492 0.165200
2454901.521 0.164900
2454905.500 0.166500
2454907.208 0.162271
2454907.471 0.163200
2454908.208 0.162761
2454910.208 0.161990
2454910.501 0.165700
2454911.486 0.164900
2454914.479 0.165900
2454916.487 0.161400
2454917.508 0.166500
2454919.516 0.161900
2454921.208 0.161715
2454921.524 0.162100
2454922.208 0.164449
2454923.495 0.163900
2454924.208 0.162266
2454925.208 0.164396
2454926.524 0.161100
2454927.510 0.161100
2454929.208 0.164102
2454929.481 0.165600
2454931.488 0.166900
2454934.481 0.165600
2454936.488 0.167100
2454938.496 0.160600
2454939.208 0.164102
2454940.504 0.167700
2454942.208 0.162329
2454942.511 0.165700
2454944.519 0.163600
2454946.208 0.163225
2454947.512 0.163600
2454949.208 0.165043
2454949.519 0.164600
2454951.208 0.161974
2454951.490 0.166500
2454952.476 0.165100
2454955.505 0.165000
2454956.208 0.165144
2454957.476 0.164500
2454958.208 0.165772
2454959.208 0.165966
2454959.484 0.164100
2454961.491 0.164400
2454963.498 0.164200
2454965.506 0.164600
2454967.513 0.166700
2454968.499 0.165500
2454972.478 0.164700
2454976.493 0.164700
2454978.208 0.161282
2454978.500 0.164300
2454979.208 0.162277
2454981.493 0.163500
2454983.501 0.165200
2454984.208 0.162889
2454985.208 0.165646
2454986.208 0.163222
2454986.493 0.162700
2454987.516 0.163500
2454989.523 0.165500
2454991.530 0.163800
2454994.208 0.163580
2454994.487 0.167300
2454995.208 0.164308
2454996.495 0.163800
2454998.502 0.163000
2455000.510 0.164500
2455002.481 0.162000
2455004.488 0.164000
2455006.496 0.164700
2455008.208 0.164645
2455010.510 0.161000
2455012.518 0.162500
2455014.208 0.164539
2455014.525 0.160900
2455016.533 0.163400
2455018.504 0.162300
2455020.208 0.164489
2455020.475 0.164800
2455022.482 0.165400
2455026.208 0.163783
2455026.498 0.165800
2455027.208 0.165225
2455028.208 0.162007
2455028.505 0.161600
2455031.498 0.163800
2455034.527 0.162100
2455036.535 0.162300
2455039.492 0.163100
2455041.499 0.164000
2455042.208 0.163463
2455043.208 0.164126
2455043.507 0.163000
2455045.514 0.164000
2455048.507 0.164200
2455050.515 0.161600
2455054.530 0.162200
2455058.471 0.163400
2455061.501 0.163000
2455063.508 0.161900
2455068.509 0.162100
2455070.516 0.162300
2455072.524 0.162500
2455074.495 0.164900
2455082.488 0.166500
2455085.481 0.164000
2455086.504 0.160800
2455087.489 0.161400
2455089.496 0.163200
2455091.208 0.162911
2455096.208 0.163325
2455096.505 0.162800
2455098.208 0.161897
2455099.534 0.167200
2455100.519 0.163700
2455102.490 0.162500
2455103.208 0.164565
2455104.208 0.164467
2455105.484 0.166900
2455106.208 0.164744
2455107.208 0.162573
2455113.513 0.162400
2455114.208 0.159592
2455114.499 0.163300
2455116.507 0.164200
2455118.514 0.166200
2455121.208 0.161806
2455121.470 0.164000
2455123.478 0.164800
2455126.471 0.164200
2455128.479 0.165600
2455135.487 0.160000
2455138.208 0.162670
2455139.208 0.163690
2455139.502 0.165500
2455141.509 0.167300
2455143.516 0.164500
2455152.496 0.161700
2455154.208 0.162046
2455154.503 0.164000
2455155.208 0.165139
2455158.518 0.164700
2455159.208 0.162531
2455160.208 0.163722
2455161.511 0.161200
2455163.518 0.163500
2455168.482 0.165800
2455170.490 0.161600
2455175.490 0.162900
2455181.208 0.164066
2455181.513 0.166600
2455182.208 0.166097
2455183.208 0.163337
2455183.521 0.166600
2455184.506 0.166500
2455186.477 0.166000
2455189.470 0.162500
2455190.492 0.161300
2455192.499 0.160500
2455193.485 0.161200
2455197.500 0.164400
2455198.485 0.162000
2455201.515 0.164400
2455202.208 0.162543
2455203.208 0.161067
2455203.522 0.162700
2455209.208 0.163162
2455210.494 0.165100
2455212.208 0.163814
2455214.509 0.163200
2455223.524 0.165000
2455226.518 0.164300
2455228.525 0.164600
2455229.474 0.164000
2455230.533 0.163900
2455231.482 0.165200
2455232.504 0.162400
2455233.489 0.163300
2455236.482 0.165700
2455239.512 0.165500
2455240.497 0.165800
2455241.519 0.164400
2455242.504 0.164400
2455243.490 0.163600
2455244.512 0.164600
2455246.519 0.164700
2455251.484 0.163100
2455253.491 0.166400
2455254.476 0.163400
2455255.498 0.168300
2455257.506 0.162900
2455258.492 0.164200
2455260.208 0.161862
2455260.499 0.165300
2455261.208 0.163917
2455261.485 0.164300
2455262.507 0.167200
2455265.208 0.163137
2455267.507 0.165500
2455268.208 0.163116
2455268.529 0.163300
2455269.515 0.165600
2455271.522 0.161700
2455272.471 0.166200
2455273.208 0.162339
2455273.530 0.166100
2455274.479 0.166700
2455275.501 0.167300
2455276.486 0.165100
2455278.493 0.167700
2455279.479 0.168000
2455280.501 0.165000
2455281.487 0.162900
2455282.208 0.163182
2455282.508 0.165100
2455283.494 0.163800
2455285.501 0.166400
2455286.524 0.167400
2455287.208 0.163224
2455288.495 0.162600
2455289.516 0.164700
2455290.502 0.163200
2455292.208 0.164323
2455292.510 0.166300
2455293.532 0.161900
2455294.481 0.161300
2455295.208 0.163342
2455295.466 0.161600
2455296.208 0.160371
2455296.488 0.167600
2455297.473 0.166700
2455299.481 0.166200
2455300.208 0.163462
2455300.503 0.164400
2455301.208 0.161414
2455301.488 0.166400
2455302.510 0.166900
2455304.482 0.165500
2455306.489 0.164500
2455308.496 0.164600
2455310.504 0.162300
2455311.526 0.162300
2455313.208 0.162699
2455313.461 0.166300
2455314.519 0.170600
2455315.468 0.168300
2455317.476 0.167500
2455318.498 0.162800
2455320.208 0.165092
2455320.505 0.166200
2455322.208 0.162252
2455322.476 0.168400
2455323.208 0.164550
2455323.498 0.169100
2455324.208 0.164776
2455324.484 0.166200
2455325.505 0.166100
2455327.513 0.163400
2455328.208 0.165434
2455328.498 0.164100
2455329.208 0.163185
2455330.208 0.162804
2455331.492 0.166600
2455332.513 0.165200
2455336.208 0.161392
2455337.208 0.162652
2455338.208 0.163608
2455338.536 0.164000
2455341.208 0.161621
2455341.493 0.165200
2455343.500 0.170200
2455345.507 0.169700
2455346.493 0.167400
2455350.508 0.164400
2455351.208 0.163831
2455351.493 0.165000
2455352.208 0.159816
2455352.516 0.165300
2455353.501 0.162600
2455355.508 0.163400
2455356.530 0.163600
2455357.516 0.162500
2455358.465 0.162100
2455359.208 0.160340
2455359.487 0.162900
2455360.473 0.164000
2455362.208 0.161216
2455362.480 0.163300
2455363.208 0.163443
2455363.502 0.164500
2455364.208 0.164590
2455364.487 0.162000
2455365.208 0.164364
2455366.208 0.163098
2455367.481 0.164000
2455369.208 0.162876
2455369.488 0.164500
2455370.510 0.172400
2455372.518 0.170000
2455374.525 0.171800
2455379.525 0.170300
2455380.475 0.171800
2455381.533 0.163600
2455383.504 0.163700
2455384.490 0.165300
2455385.475 0.166300
2455386.497 0.166700
2455389.490 0.165300
2455390.512 0.164800
2455391.498 0.164800
2455392.519 0.166200
2455396.498 0.168900
2455397.520 0.165600
2455399.208 0.163056
2455399.527 0.164100
2455400.513 0.168500
2455404.492 0.169800
2455412.208 0.164048
2455412.485 0.164500
2455413.507 0.164900
2455414.493 0.166000
2455415.208 0.162931
2455415.515 0.166200
2455417.522 0.165300
2455418.507 0.166100
2455419.530 0.166900
2455420.208 0.164062
2455420.515 0.167100
2455421.464 0.165900
2455423.471 0.164400
2455425.479 0.165300
2455426.501 0.165400
2455427.487 0.164200
2455428.208 0.163686
2455433.509 0.171500
2455434.495 0.170600
2455435.516 0.169100
2455440.517 0.163000
2455441.208 0.165964
2455441.502 0.163200
2455442.208 0.166398
2455444.532 0.164000
2455448.208 0.163972
2455449.496 0.165000
2455450.208 0.162676
2455450.481 0.165500
2455453.511 0.163400
2455455.208 0.164458
2455455.518 0.162800
2455457.490 0.166500
2455459.497 0.168000
2455461.208 0.164779
2455464.534 0.170800
2455466.468 0.172900
2455468.476 0.172000
2455469.208 0.163764
2455470.208 0.165120
2455470.484 0.166500
2455471.208 0.164792
2455474.499 0.167400
2455477.492 0.163600
2455478.513 0.165200
2455481.507 0.164900
2455482.208 0.161860
2455485.208 0.164112
2455489.208 0.163884
2455491.208 0.162627
2455496.508 0.165100
2455497.493 0.163500
2455498.515 0.164300
2455503.516 0.167100
2455504.502 0.165900
2455506.208 0.163377
2455507.531 0.166300
2455509.208 0.164659
2455509.465 0.168100
2455511.208 0.164080
2455511.473 0.163700
2455514.502 0.164300
2455516.510 0.168000
2455517.208 0.165218
2455518.208 0.163842
2455518.481 0.167800
2455519.208 0.165067
2455520.208 0.165368
2455520.488 0.167100
2455521.510 0.170900
2455523.208 0.166322
2455523.518 0.165500
2455524.504 0.163300
2455528.518 0.162600
2455530.526 0.165500
2455531.475 0.166600
2455532.497 0.168800
2455534.504 0.167500
2455536.476 0.167400
2455538.208 0.166410
2455539.208 0.167595
2455540.490 0.169300
2455541.208 0.165905
2455544.505 0.168600
2455546.208 0.165654
2455554.470 0.165000
2455557.499 0.168000
2455559.507 0.164600
2455562.500 0.161700
2455563.485 0.162700
2455565.493 0.164800
2455566.208 0.169186
2455566.515 0.164800
2455568.522 0.163800
2455569.508 0.163600
2455571.515 0.167400
2455572.464 0.164300
2455573.208 0.162167
2455574.472 0.161800
2455575.208 0.163803
2455576.208 0.164126
2455576.479 0.167600
2455578.487 0.165600
2455580.208 0.163168
2455582.208 0.163871
2455582.502 0.165000
2455586.517 0.166500
2455587.502 0.158200
2455588.208 0.165552
2455590.208 0.165833
2455595.533 0.163100
2455599.475 0.169100
2455600.208 0.165342
2455601.208 0.166314
2455601.482 0.167700
2455603.208 0.165722
2455603.490 0.163500
2455605.497 0.170100
2455607.208 0.167135
2455607.504 0.168300
2455608.208 0.167208
2455609.208 0.167062
2455609.512 0.170400
2455614.513 0.163400
2455615.208 0.166829
2455615.535 0.154800
2455616.208 0.164642
2455617.208 0.165598
2455618.208 0.165453
2455621.208 0.166738
2455621.484 0.163500
2455622.208 0.167501
2455623.208 0.169763
2455623.492 0.168400
2455624.208 0.168545
2455625.208 0.169890
2455625.499 0.168600
2455627.507 0.169500
2455629.514 0.166100
2455630.208 0.169990
2455630.499 0.170500
2455632.208 0.169199
2455633.529 0.169100
2455636.522 0.167300
2455637.208 0.168145
2455637.471 0.168900
2455638.208 0.166769
2455639.208 0.166601
2455641.486 0.167800
2455643.493 0.164600
2455644.208 0.164396
2455645.208 0.164777
2455645.501 0.166500
2455646.208 0.165280
2455646.487 0.165400
2455648.494 0.165200
2455649.208 0.172193
2455650.208 0.171045
2455650.501 0.169000
2455651.524 0.172300
2455652.208 0.171747
2455652.509 0.171800
2455653.495 0.170800
2455654.516 0.170500
2455656.208 0.168057
2455656.524 0.170200
2455657.208 0.166485
2455660.208 0.167384
2455663.208 0.169466
2455664.208 0.170851
2455664.481 0.171100
2455666.208 0.167154
2455667.208 0.166910
2455667.510 0.171500
2455669.482 0.167400
2455670.208 0.167842
2455671.208 0.166674
2455671.489 0.167600
2455672.511 0.167600
2455673.496 0.167600
2455677.512 0.169700
2455678.208 0.169212
2455679.519 0.170800
2455681.208 0.168011
2455681.490 0.170100
2455683.498 0.167400
2455684.208 0.167429
2455685.208 0.167821
2455686.490 0.168800
2455688.208 0.167903
2455688.498 0.168600
2455690.505 0.168400
2455692.208 0.168207
2455694.521 0.167900
2455698.499 0.166000
2455699.208 0.166985
2455700.208 0.164464
2455703.536 0.166300
2455705.470 0.170900
2455707.478 0.170300
2455708.208 0.164738
2455709.208 0.166071
2455709.485 0.166200
2455711.493 0.167300
2455713.208 0.165910
2455713.501 0.167400
2455714.486 0.167900
2455716.493 0.167900
2455718.501 0.167800
2455720.508 0.166700
2455721.208 0.167678
2455722.208 0.166531
2455722.516 0.165600
2455723.208 0.166516
2455724.487 0.164600
2455727.208 0.165612
2455727.480 0.171000
2455728.208 0.165479
2455731.495 0.171600
2455733.208 0.170945
2455734.208 0.167593
2455734.488 0.171500
2455735.208 0.165622
2455735.510 0.173200
2455736.208 0.166683
2455737.208 0.166246
2455737.518 0.168500
2455739.525 0.168800
2455740.208 0.163298
2455740.510 0.166800
2455741.208 0.166799
2455741.496 0.165900
2455742.208 0.166012
2455743.208 0.167319
2455743.467 0.167500
2455744.208 0.167528
2455746.533 0.165100
2455751.208 0.165891
2455753.504 0.167100
2455758.208 0.173880
2455759.208 0.169622
2455759.490 0.171700
2455760.208 0.172330
2455761.208 0.172707
2455763.208 0.169495
2455764.208 0.169957
2455764.527 0.165600
2455765.208 0.165758
2455765.513 0.166300
2455768.208 0.168883
2455770.208 0.169493
2455771.208 0.170727
2455773.208 0.170701
2455775.208 0.171834
2455776.208 0.168418
2455777.208 0.172615
2455778.208 0.170286
2455778.507 0.167700
2455779.208 0.169924
2455780.515 0.168300
2455781.208 0.168590
2455782.208 0.169088
2455784.208 0.168239
2455785.208 0.167651
2455788.471 0.173300
2455789.208 0.168080
2455792.208 0.169667
2455792.487 0.166900
2455793.208 0.172208
2455795.479 0.168700
2455797.208 0.172032
2455798.208 0.170620
2455798.509 0.166900
2455799.208 0.170423
2455801.502 0.166200
2455803.208 0.169001
2455804.208 0.171131
2455805.208 0.170233
2455805.517 0.169400
2455806.208 0.169060
2455807.208 0.170047
2455810.481 0.170300
2455813.208 0.171050
2455816.504 0.166500
2455818.208 0.171768
2455818.511 0.171600
2455822.490 0.174800
2455824.208 0.171163
2455825.208 0.173341
2455826.208 0.172379
2455827.208 0.172583
2455830.519 0.169300
2455831.208 0.172320
2455833.476 0.167200
2455834.208 0.174933
2455835.208 0.173074
2455836.505 0.167100
2455838.208 0.169730
2455840.208 0.173559
2455841.208 0.172088
2455841.506 0.168400
2455842.208 0.171216
2455845.208 0.173293
2455846.507 0.175100
2455851.470 0.170200
2455857.493 0.170400
2455859.208 0.171821
2455865.487 0.169600
2455867.208 0.172343
2455869.208 0.173074
2455874.465 0.169100
2455876.208 0.178910
2455881.208 0.176381
2455882.208 0.175997
2455884.208 0.174308
2455887.496 0.171700
2455888.208 0.177068
2455894.208 0.175975
2455897.208 0.175000
2455901.476 0.173000
2455903.208 0.175282
2455904.208 0.174592
2455905.208 0.174602
2455907.498 0.169400
2455912.499 0.168100
2455917.208 0.173917
2455918.485 0.168800
2455922.499 0.169500
2455923.208 0.171049
2455924.208 0.174353
2455925.208 0.173571
2455926.208 0.171976
2455927.500 0.173200
2455929.513 0.172200
2455930.208 0.171555
2455931.208 0.173256
2455932.208 0.170968
2455933.208 0.170474
2455934.527 0.173000
2455937.208 0.170949
2455938.553 0.172500
2455940.208 0.169598
2455944.208 0.169312
2455945.208 0.169962
2455946.208 0.170769
2455946.532 0.171800
2455947.208 0.173238
2455950.208 0.171056
2455953.208 0.170924
2455954.208 0.169825
2455954.584 0.169900
2455959.208 0.172246
2455960.208 0.170323
2455961.208 0.170973
2455963.588 0.170500
2455964.208 0.168490
2455966.208 0.168097
2455968.208 0.168339
2455971.208 0.170249
2455973.208 0.169645
2455975.629 0.165900
2455976.654 0.166700
2455980.208 0.170453
2455982.208 0.169521
2455984.633 0.165800
2455985.208 0.168388
2455986.208 0.171401
2455989.208 0.169236
2455989.683 0.164700
2455992.208 0.168845
2455993.208 0.167527
2455994.208 0.169875
2455995.686 0.168700
2455997.699 0.170700
2455999.208 0.169282
2456000.700 0.170400
2456001.208 0.168136
2456002.208 0.168038
2456009.208 0.167769
2456010.208 0.168603
2456011.717 0.165500
2456013.208 0.170674
2456014.208 0.169171
2456014.754 0.170300
2456015.208 0.170250
2456015.743 0.170500
2456016.208 0.170267
2456018.744 0.167800
2456022.208 0.169360
2456024.746 0.169700
2456026.759 0.168600
2456034.775 0.168400
2456037.208 0.170701
2456038.208 0.171057
2456039.825 0.170900
2456041.208 0.168966
2456042.208 0.169157
2456043.208 0.167864
2456046.816 0.168100
2456048.208 0.170048
2456048.829 0.168900
2456049.208 0.167611
2456050.208 0.168067
2456052.208 0.167546
2456060.870 0.167800
2456062.883 0.168300
2456064.896 0.168900
2456065.208 0.169942
2456066.208 0.172755
2456067.861 0.168000
2456069.208 0.169491
2456069.874 0.169800
2456070.208 0.168580
2456073.208 0.169500
2456074.888 0.167300
2456077.208 0.168287
2456077.926 0.167700
2456078.208 0.167448
2456079.208 0.168161
2456079.902 0.168000
2456081.915 0.174700
2456083.208 0.172592
2456085.208 0.176047
2456086.208 0.170924
2456087.208 0.170940
2456088.906 0.170100
2456090.208 0.171375
2456090.919 0.170700
2456092.932 0.168900
2456093.208 0.170271
2456094.208 0.169758
2456095.970 0.168600
2456097.208 0.168137
2456098.971 0.168400
2456099.208 0.163796
2456099.959 0.171900
2456101.208 0.164382
2456102.997 0.166300
2456104.208 0.167774
2456105.208 0.166945
2456108.208 0.169431
2456110.024 0.169200
2456112.989 0.176900
2456115.002 0.173900
2456117.015 0.176700
2456120.016 0.169500
2456127.043 0.165400
2456128.068 0.166100
2456128.208 0.164839
2456132.094 0.164400
2456134.208 0.167449
2456136.047 0.168300
2456140.208 0.170709
2456141.208 0.170001
2456142.208 0.168668
2456143.208 0.172934
2456144.099 0.170000
2456145.087 0.170400
2456149.208 0.170583
2456150.138 0.171800
2456150.208 0.169164
2456151.126 0.168700
2456154.091 0.167300
2456154.208 0.166413
2456155.208 0.163488
2456163.208 0.165347
2456187.214 0.163900
2456189.208 0.165986
2456189.227 0.165100
2456190.208 0.165144
2456191.208 0.168724
2456192.208 0.167608
2456192.228 0.168100
2456197.205 0.171300
2456198.230 0.165800
2456202.208 0.167724
2456202.256 0.169200
2456203.244 0.170100
2456206.208 0.164528
2456206.246 0.168400
2456208.259 0.166400
2456209.208 0.163829
2456211.208 0.163676
2456212.285 0.168700
2456215.286 0.169100
2456217.208 0.171621
2456220.300 0.172500
2456221.288 0.173200
2456222.276 0.171200
2456224.289 0.173100
2456226.208 0.170090
2456227.208 0.167072
2456227.327 0.171900
2456230.208 0.165122
2456230.328 0.169800
2456231.208 0.165711
2456232.208 0.162053
2456232.341 0.168200
2456233.208 0.166210
2456234.208 0.164755
2456235.343 0.168700
2456237.208 0.163806
2456237.356 0.167500
2456238.208 0.167347
2456239.208 0.167924
2456239.369 0.169500
2456240.320 0.170200
2456244.346 0.165700
2456245.208 0.170871
2456246.359 0.171200
2456250.385 0.171900
2456251.208 0.171484
2456257.412 0.168100
2456259.208 0.169183
2456259.425 0.171800
2456260.208 0.164837
2456261.438 0.167300
2456265.208 0.167237
2456265.428 0.165700
2456267.404 0.166700
2456269.208 0.168664
2456272.208 0.167734
2456272.455 0.168500
2456273.208 0.172161
2456274.208 0.168661
2456275.456 0.169000
2456282.208 0.166213
2456282.447 0.168200
2456283.508 0.168900
2456285.448 0.166800
2456291.487 0.166700
2456294.485 0.168200
2456295.507 0.169700
2456297.515 0.169000
2456299.522 0.168300
2456301.208 0.174417
2456301.530 0.168200
2456303.464 0.175200
2456306.494 0.168100
2456308.501 0.173500
2456309.208 0.171648
2456310.509 0.167700
2456311.208 0.167689
2456313.502 0.166200
2456315.208 0.165444
2456315.510 0.166500
2456316.208 0.164207
2456323.503 0.165800
2456325.208 0.166751
2456329.208 0.167340
2456330.208 0.167864
2456331.208 0.169279
2456331.496 0.168700
2456337.208 0.168996
2456338.208 0.167332
2456338.504 0.165800
2456339.208 0.166242
2456341.498 0.165500
2456346.208 0.165738
2456347.484 0.164600
2456350.208 0.165526
2456350.476 0.166400
2456351.208 0.166486
2456352.208 0.165347
2456352.484 0.166400
2456353.208 0.170334
2456354.492 0.168600
2456357.208 0.166835
2456359.208 0.171948
2456359.492 0.172700
2456360.208 0.170417
2456362.521 0.172000
2456364.208 0.168136
2456365.208 0.168070
2456366.208 0.172565
2456367.208 0.169068
2456369.530 0.170000
2456375.479 0.170500
2456377.208 0.166794
2456380.208 0.167511
2456381.501 0.169700
2456384.208 0.168698
2456386.208 0.171662
2456386.502 0.173200
2456387.208 0.168590
2456388.510 0.170000
2456394.208 0.174393
2456396.503 0.171300
2456398.208 0.167972
2456399.208 0.169354
2456400.208 0.166215
2456401.208 0.165683
2456401.504 0.169600
2456402.208 0.164171
2456403.511 0.171300
2456406.208 0.166597
2456407.208 0.164420
2456409.208 0.166750
2456410.519 0.170900
2456412.208 0.172537
2456413.208 0.175175
2456415.208 0.170900
2456416.208 0.171433
2456416.505 0.171900
2456420.208 0.168750
2456424.498 0.170600
2456426.208 0.170223
2456429.208 0.172933
2456429.499 0.173700
2456430.208 0.170897
2456432.529 0.173800
2456434.208 0.166211
2456434.536 0.168600
2456435.208 0.170289
2456436.208 0.170477
2456438.478 0.169800
2456441.208 0.170045
2456442.208 0.167695
2456442.493 0.170700
2456443.208 0.167694
2456444.208 0.168594
2456444.501 0.168400
2456446.508 0.167800
2456447.208 0.165500
2456448.208 0.166078
2456448.516 0.168200
2456449.208 0.163641
2456450.208 0.167995
2456451.208 0.167530
2456451.508 0.168200
2456453.516 0.166700
2456454.208 0.167832
2456455.208 0.164935
2456455.487 0.166300
2456456.208 0.167564
2456457.208 0.170881
2456460.487 0.167100
2456462.208 0.172059
2456462.495 0.163000
2456464.208 0.171820
2456465.488 0.171000
2456467.496 0.170900
2456469.208 0.172047
2456474.467 0.167400
2456481.475 0.168500
2456483.482 0.168700
2456485.490 0.170200
2456492.498 0.170000
2456500.492 0.172600
2456517.464 0.168800
2456538.524 0.166900
2456548.489 0.165100
2456554.512 0.166800
2456557.505 0.172200
2456559.512 0.169300
2456564.476 0.168100
2456570.499 0.169000
2456574.513 0.168200
2456577.208 0.172039
2456579.514 0.169000
2456582.470 0.167900
2456587.208 0.173350
2456588.208 0.173466
2456589.208 0.174602
2456589.479 0.170700
2456597.508 0.171200
2456604.208 0.175028
2456604.516 0.174000
2456606.208 0.168053
2456608.208 0.171633
2456609.208 0.170112
2456611.208 0.174827
2456629.482 0.173100
2456633.208 0.170810
2456638.208 0.177890
2456638.498 0.173700
2456646.208 0.169109
2456653.208 0.172480
2456654.208 0.174058
2456658.208 0.172319
2456664.208 0.179698
2456666.208 0.177406
2456667.515 0.174500
2456668.208 0.177245
2456671.208 0.174272
2456673.208 0.171283
2456687.208 0.172282
2456702.519 0.177300
2456709.527 0.169200
2456713.469 0.175400
2456722.485 0.174200
2456724.492 0.172400
2456727.208 0.169550
2456728.208 0.172231
2456729.208 0.171987
2456734.530 0.177100
2456736.501 0.172600
2456737.208 0.170917
2456741.208 0.171976
2456742.208 0.177403
2456745.208 0.176667
2456748.208 0.177541
2456751.502 0.171500
2456752.524 0.176200
2456755.208 0.175721
2456756.208 0.175806
2456757.208 0.172128
2456758.473 0.170200
2456762.208 0.176762
2456763.208 0.173357
2456764.208 0.176386
2456765.208 0.179366
2456765.482 0.176400
2456770.208 0.172949
2456776.208 0.169984
2456777.208 0.171608
2456778.208 0.170931
2456780.208 0.172488
2456783.208 0.170487
2456784.208 0.168167
2456786.208 0.166818
2456787.208 0.173363
2456790.208 0.176401
2456790.521 0.175800
2456792.208 0.171354
2456792.492 0.176200
2456793.208 0.171654
2456794.208 0.172463
2456794.499 0.177800
2456805.208 0.167752
2456808.515 0.168300
2456811.208 0.166278
2456811.508 0.171900
2456813.208 0.169603
2456813.516 0.170100
2456814.208 0.172671
2456819.465 0.177200
2456821.473 0.178200
2456825.208 0.168157
2456825.487 0.174900
2456832.208 0.164786
2456832.496 0.166900
2456833.208 0.165628
2456835.208 0.167423
2456836.510 0.167200
2456839.208 0.171208
2456842.533 0.172500
2456849.504 0.178400
2456857.208 0.165395
2456860.527 0.166000
2456864.208 0.169224
2456875.493 0.172400
2456876.208 0.174991
2456877.500 0.170600
2456888.208 0.170301
2456891.208 0.174456
2456897.502 0.171500
2456899.208 0.170068
2456899.510 0.168400
2456903.208 0.169542
2456904.208 0.170772
2456904.510 0.170800
2456906.481 0.169700
2456911.208 0.172397
2456912.504 0.171300
2456913.489 0.170800
2456926.208 0.175409
2456931.208 0.169152
2456931.484 0.170800
2456932.208 0.172012
2456933.208 0.172049
2456934.208 0.171487
2456937.208 0.170781
2456938.492 0.170400
2456944.208 0.168668
2456945.499 0.168700
2456946.208 0.169433
2456947.208 0.168161
2456947.470 0.170800
2456948.208 0.169911
2456955.208 0.175151
2456955.501 0.175400
2456959.208 0.169544
2456960.208 0.168819
2456960.501 0.170600
2456961.208 0.170327
2456962.208 0.171429
2456962.508 0.171400
2456967.208 0.171384
2456967.509 0.171400
2456972.208 0.168372
2456979.208 0.175500
2456980.208 0.176019
2456982.208 0.173434
2456983.208 0.177091
2456986.208 0.172564
2456987.208 0.170658
2456987.511 0.172200
2456993.208 0.176981
2457003.498 0.172900
2457007.513 0.176100
2457016.492 0.174700
2457021.208 0.169799
2457021.493 0.168000
2457025.508 0.167900
2457028.208 0.172923
2457029.208 0.174392
2457030.208 0.173874
2457031.530 0.173000
2457038.208 0.174728
2457043.208 0.171979
2457056.208 0.175661
2457056.533 0.172700
2457063.208 0.174775
2457063.504 0.173400
2457065.512 0.174700
2457071.208 0.170467
2457072.208 0.168662
2457079.491 0.172000
2457086.499 0.173100
2457087.208 0.173345
2457088.208 0.172484
2457088.507 0.174900
2457092.208 0.171961
2457092.522 0.171200
2457093.208 0.173515
2457095.515 0.170500
2457098.471 0.172000
2457102.486 0.168900
2457106.208 0.173597
2457108.208 0.176008
2457108.509 0.178700
2457109.208 0.177851
2457114.208 0.173453
2457115.517 0.173800
2457119.532 0.172700
2457120.208 0.175007
2457122.488 0.171100
2457123.208 0.169653
2457127.208 0.168305
2457128.208 0.173049
2457134.208 0.176059
2457134.497 0.176800
2457135.208 0.174232
2457141.208 0.171007
2457142.208 0.170491
2457142.490 0.171600
2457143.208 0.170646
2457149.208 0.170866
2457150.208 0.172127
2457151.208 0.172494
2457154.208 0.174668
2457154.499 0.173400
2457161.208 0.172702
2457162.208 0.171901
2457164.536 0.171000
2457165.208 0.170232
2457168.208 0.168874
2457171.208 0.169317
2457171.508 0.168900
2457175.208 0.170723
2457176.208 0.171383
2457176.508 0.171600
2457177.208 0.170400
2457178.208 0.173131
2457185.208 0.176190
2457185.487 0.173200
2457186.208 0.174968
2457190.488 0.172500
2457192.208 0.172013
2457192.495 0.172800
2457193.208 0.170872
2457196.208 0.172684
2457199.503 0.168200
2457205.208 0.173033
2457206.474 0.169900
2457212.208 0.174214
2457214.504 0.171400
2457217.208 0.172690
2457219.505 0.167400
2457226.513 0.165700
2457228.208 0.166853
2457228.484 0.165400
2457231.477 0.175500
2457235.492 0.177100
2457239.507 0.174100
2457246.208 0.168617
2457247.208 0.168093
2457248.208 0.168981
2457252.501 0.167500
2457253.208 0.166223
2457254.208 0.166983
2457255.208 0.169747
2457266.208 0.166593
2457267.208 0.167921
2457269.510 0.169000
2457270.532 0.170600
2457275.496 0.174800
2457277.503 0.174500
2457280.208 0.164590
2457284.208 0.167033
2457290.534 0.169800
2457291.519 0.169400
2457294.208 0.170066
2457294.476 0.170600
2457295.208 0.170095
2457295.498 0.168700
2457296.208 0.165798
2457297.505 0.168800
2457305.499 0.167200
2457310.499 0.166900
2457329.516 0.169100
2457344.481 0.169600
2457357.475 0.170300
2457365.505 0.167500
2457374.520 0.167800
2457399.553 0.168800
2457410.570 0.171400
2457414.596 0.167900
2457416.572 0.170500
2457424.588 0.165300
2457428.614 0.164400
2457431.615 0.168500
2457442.631 0.171200
2457444.644 0.169500
